{
 "cells": [
  {
   "cell_type": "markdown",
   "metadata": {},
   "source": [
    "# Pré-processamento para interpolação de voxel\n",
    "* Todos os conjuntos de dados foram pré-processados para obter o tamanho de voxel isométricos de (1x1x1). Isso foi feito usando a biblioteca SimpleITK, pois esta permite mudar o tamanho do voxel em precisar manupular manualmente a affine dos volumes. Essa biblioteca tem algumas funções que faz isso automaticamente, garantindo a compatibilidade dos dados para o treinamento. As imagens e as segmentações passaram por esse pré-processamento. Alguns volumes dos conjuntos de dados do CC359 já tem os voxels isométricos e um desses foi usado como referência para aplicar nos outros. "
   ]
  },
  {
   "cell_type": "code",
   "execution_count": 1,
   "metadata": {},
   "outputs": [],
   "source": [
    "from scipy.ndimage import zoom\n",
    "import SimpleITK as sitk\n",
    "import nibabel as nib\n",
    "import subprocess\n",
    "import numpy as np\n",
    "import glob\n",
    "import os\n",
    "\n",
    "def save_nii_zoom(input_paths: str, ref_path: str):\n",
    "    '''\n",
    "    Documentação\n",
    "    '''\n",
    "    for input_path in input_paths:\n",
    "        T1_file = 'brain_T1w.nii.gz'\n",
    "        sitk_T1 = sitk.ReadImage(os.path.join(input_path, T1_file))\n",
    "        origin = sitk_T1.GetOrigin()\n",
    "        spacing = sitk_T1.GetSpacing()\n",
    "        directions = sitk_T1.GetDirection()\n",
    "\n",
    "        mask_T1_file = 'fix_brainmask_T1w.nii.gz'\n",
    "        sitk_mask_T1 = sitk.ReadImage(os.path.join(input_path, mask_T1_file))\n",
    "\n",
    "        pre_affine = nib.load(os.path.join(input_path, T1_file)).affine\n",
    "        print(f\"Pre-affine {pre_affine}\")  \n",
    "\n",
    "        T1_array = sitk.GetArrayFromImage(sitk_T1)\n",
    "        mask_T1_array = sitk.GetArrayFromImage(sitk_mask_T1)\n",
    "\n",
    "        input_spacing = np.array(spacing[::-1])  # 1, 1, 2 -> 2, 1, 1\n",
    "        target_spacing = np.array(sitk.ReadImage(ref_path).GetSpacing())[::-1]\n",
    "        print(f\"Transforming spacing of {T1_array.shape} from {input_spacing} to {target_spacing}\")\n",
    "\n",
    "        T1_iso_array = zoom(T1_array, input_spacing/target_spacing)\n",
    "        mask_T1_iso_array = zoom(mask_T1_array, input_spacing/target_spacing, order=0)\n",
    "        print(f\"New shape: {T1_iso_array.shape}\")\n",
    "\n",
    "        iso_T1 = sitk.GetImageFromArray(T1_iso_array)\n",
    "        iso_T1.SetSpacing(target_spacing[::-1])\n",
    "        iso_T1.SetOrigin(origin)\n",
    "        iso_T1.SetDirection(directions)\n",
    "        iso_mask_T1 = sitk.GetImageFromArray(mask_T1_iso_array)\n",
    "        iso_mask_T1.SetSpacing(target_spacing[::-1])\n",
    "        iso_mask_T1.SetOrigin(origin)\n",
    "        iso_mask_T1.SetDirection(directions)\n",
    "\n",
    "\n",
    "\n",
    "        T1_out_name = \"iso_brain_T1w.nii.gz\"\n",
    "        mask_T1_out_name = \"iso_brainmask_T1w.nii.gz\"\n",
    "\n",
    "        sitk.WriteImage(iso_T1, os.path.join(input_path, T1_out_name))\n",
    "        sitk.WriteImage(iso_mask_T1, os.path.join(input_path, mask_T1_out_name))\n",
    "        post_affine = nib.load(os.path.join(input_path, T1_out_name)).affine\n",
    "        print(f\"Post-affine {post_affine}\")\n",
    "\n",
    "        print(\"Done\")\n",
    "\n",
    "    return iso_T1, iso_mask_T1"
   ]
  },
  {
   "cell_type": "code",
   "execution_count": 2,
   "metadata": {},
   "outputs": [
    {
     "name": "stdout",
     "output_type": "stream",
     "text": [
      "Pre-affine [[ -0.          -0.           0.99990082 -98.19879913]\n",
      " [ -1.          -0.          -0.         158.90475464]\n",
      " [  0.          -1.           0.         107.72076416]\n",
      " [  0.           0.           0.           1.        ]]\n",
      "Transforming spacing of (192, 256, 256) from [0.99990082 1.         1.        ] to [1. 1. 1.]\n",
      "New shape: (192, 256, 256)\n",
      "Post-affine [[ -0.           0.           1.         -98.19879913]\n",
      " [ -1.          -0.          -0.         158.90475464]\n",
      " [  0.          -1.           0.         107.72076416]\n",
      " [  0.           0.           0.           1.        ]]\n",
      "Done\n",
      "Pre-affine [[ -0.          -0.           0.99990082 -89.52082825]\n",
      " [ -1.          -0.          -0.         153.32606506]\n",
      " [  0.          -1.           0.          94.70381165]\n",
      " [  0.           0.           0.           1.        ]]\n",
      "Transforming spacing of (192, 256, 256) from [0.99990082 1.         1.        ] to [1. 1. 1.]\n",
      "New shape: (192, 256, 256)\n",
      "Post-affine [[ -0.           0.           1.         -89.52082825]\n",
      " [ -1.          -0.          -0.         153.32606506]\n",
      " [  0.          -1.           0.          94.70381165]\n",
      " [  0.           0.           0.           1.        ]]\n",
      "Done\n",
      "Pre-affine [[ -0.          -0.           0.99990082 -88.2811203 ]\n",
      " [ -1.          -0.          -0.         154.56576538]\n",
      " [  0.          -1.           0.         117.01858521]\n",
      " [  0.           0.           0.           1.        ]]\n",
      "Transforming spacing of (192, 256, 256) from [0.99990082 1.         1.        ] to [1. 1. 1.]\n",
      "New shape: (192, 256, 256)\n",
      "Post-affine [[ -0.           0.           1.         -88.2811203 ]\n",
      " [ -1.          -0.          -0.         154.56576538]\n",
      " [  0.          -1.           0.         117.01858521]\n",
      " [  0.           0.           0.           1.        ]]\n",
      "Done\n",
      "Pre-affine [[  -0.859375     0.           0.         109.5703125]\n",
      " [   0.           1.5          0.         -92.25     ]\n",
      " [   0.           0.           0.859375  -109.5703125]\n",
      " [   0.           0.           0.           1.       ]]\n",
      "Transforming spacing of (256, 124, 256) from [0.859375 1.5      0.859375] to [1. 1. 1.]\n",
      "New shape: (220, 186, 220)\n",
      "Post-affine [[-1.  0.  0. -0.]\n",
      " [ 0. -1.  0. -0.]\n",
      " [ 0.  0.  1.  0.]\n",
      " [ 0.  0.  0.  1.]]\n",
      "Done\n",
      "Pre-affine [[ -0.          -0.           0.99990082 -96.3392334 ]\n",
      " [ -1.          -0.          -0.         154.56576538]\n",
      " [  0.          -1.           0.         113.91931152]\n",
      " [  0.           0.           0.           1.        ]]\n",
      "Transforming spacing of (192, 256, 256) from [0.99990082 1.         1.        ] to [1. 1. 1.]\n",
      "New shape: (192, 256, 256)\n",
      "Post-affine [[ -0.           0.           1.         -96.3392334 ]\n",
      " [ -1.          -0.          -0.         154.56576538]\n",
      " [  0.          -1.           0.         113.91931152]\n",
      " [  0.           0.           0.           1.        ]]\n",
      "Done\n",
      "Pre-affine [[ -0.          -0.           0.99990082 -94.47966766]\n",
      " [ -1.          -0.          -0.         153.94592285]\n",
      " [  0.          -1.           0.         128.17596436]\n",
      " [  0.           0.           0.           1.        ]]\n",
      "Transforming spacing of (192, 256, 256) from [0.99990082 1.         1.        ] to [1. 1. 1.]\n",
      "New shape: (192, 256, 256)\n",
      "Post-affine [[ -0.           0.           1.         -94.47966766]\n",
      " [ -1.          -0.          -0.         153.94592285]\n",
      " [  0.          -1.           0.         128.17596436]\n",
      " [  0.           0.           0.           1.        ]]\n",
      "Done\n",
      "Pre-affine [[ -0.          -0.           0.99990082 -88.90097809]\n",
      " [ -1.          -0.          -0.         153.32606506]\n",
      " [  0.          -1.           0.         110.20018005]\n",
      " [  0.           0.           0.           1.        ]]\n",
      "Transforming spacing of (192, 256, 256) from [0.99990082 1.         1.        ] to [1. 1. 1.]\n",
      "New shape: (192, 256, 256)\n",
      "Post-affine [[ -0.           0.           1.         -88.90097809]\n",
      " [ -1.          -0.          -0.         153.32606506]\n",
      " [  0.          -1.           0.         110.20018005]\n",
      " [  0.           0.           0.           1.        ]]\n",
      "Done\n",
      "Pre-affine [[ 9.99389648e-01 -1.26737729e-02  3.25552784e-02 -9.39235382e+01]\n",
      " [ 1.28549496e-02  9.99903023e-01 -5.36193233e-03 -1.06518005e+02]\n",
      " [-3.24841663e-02  5.77715598e-03  9.99455571e-01 -1.32281250e+02]\n",
      " [ 0.00000000e+00  0.00000000e+00  0.00000000e+00  1.00000000e+00]]\n",
      "Transforming spacing of (240, 240, 180) from [1. 1. 1.] to [1. 1. 1.]\n",
      "New shape: (240, 240, 180)\n",
      "Post-affine [[ 9.99389589e-01 -1.26737719e-02  3.25552747e-02 -9.39235382e+01]\n",
      " [ 1.28549486e-02  9.99902964e-01 -5.36193233e-03 -1.06518005e+02]\n",
      " [-3.24841626e-02  5.77715598e-03  9.99455571e-01 -1.32281250e+02]\n",
      " [ 0.00000000e+00  0.00000000e+00  0.00000000e+00  1.00000000e+00]]\n",
      "Done\n",
      "Pre-affine [[ -0.          -0.           0.99990082 -86.42155457]\n",
      " [ -1.          -0.          -0.         153.32606506]\n",
      " [  0.          -1.           0.         125.69654846]\n",
      " [  0.           0.           0.           1.        ]]\n",
      "Transforming spacing of (192, 256, 256) from [0.99990082 1.         1.        ] to [1. 1. 1.]\n",
      "New shape: (192, 256, 256)\n",
      "Post-affine [[ -0.           0.           1.         -86.42155457]\n",
      " [ -1.          -0.          -0.         153.32606506]\n",
      " [  0.          -1.           0.         125.69654846]\n",
      " [  0.           0.           0.           1.        ]]\n",
      "Done\n",
      "Pre-affine [[   1.            0.            0.         -108.41999817]\n",
      " [   0.            1.            0.          -38.9940033 ]\n",
      " [   0.            0.            1.         -134.07598877]\n",
      " [   0.            0.            0.            1.        ]]\n",
      "Transforming spacing of (256, 256, 200) from [1. 1. 1.] to [1. 1. 1.]\n",
      "New shape: (256, 256, 200)\n",
      "Post-affine [[   1.            0.           -0.         -108.41999817]\n",
      " [   0.            1.           -0.          -38.9940033 ]\n",
      " [   0.            0.            1.         -134.07598877]\n",
      " [   0.            0.            0.            1.        ]]\n",
      "Done\n",
      "Pre-affine [[ -0.          -0.           0.99990082 -98.19879913]\n",
      " [ -1.          -0.          -0.         155.18562317]\n",
      " [  0.          -1.           0.         107.72076416]\n",
      " [  0.           0.           0.           1.        ]]\n",
      "Transforming spacing of (192, 256, 256) from [0.99990082 1.         1.        ] to [1. 1. 1.]\n",
      "New shape: (192, 256, 256)\n",
      "Post-affine [[ -0.           0.           1.         -98.19879913]\n",
      " [ -1.          -0.          -0.         155.18562317]\n",
      " [  0.          -1.           0.         107.72076416]\n",
      " [  0.           0.           0.           1.        ]]\n",
      "Done\n",
      "Pre-affine [[ 9.98290837e-01 -4.45081443e-02  2.70869620e-02 -9.56533432e+01]\n",
      " [ 5.27020618e-02  8.83821070e-01 -8.23968798e-02 -9.45595703e+01]\n",
      " [-2.56578922e-02  8.36827308e-02  8.84647131e-01 -1.47905441e+02]\n",
      " [ 0.00000000e+00  0.00000000e+00  0.00000000e+00  1.00000000e+00]]\n",
      "Transforming spacing of (288, 288, 170) from [0.8888889  0.8888889  1.00001025] to [1. 1. 1.]\n",
      "New shape: (256, 256, 170)\n",
      "Post-affine [[ 9.98280644e-01 -5.00716567e-02  3.04728318e-02 -9.56533432e+01]\n",
      " [ 5.27015254e-02  9.94298697e-01 -9.26964879e-02 -9.45595703e+01]\n",
      " [-2.56576296e-02  9.41430777e-02  9.95227993e-01 -1.47905441e+02]\n",
      " [ 0.00000000e+00  0.00000000e+00  0.00000000e+00  1.00000000e+00]]\n",
      "Done\n",
      "Pre-affine [[ 9.99656856e-01  0.00000000e+00 -2.61769518e-02 -9.59017487e+01]\n",
      " [ 0.00000000e+00  1.00000000e+00  0.00000000e+00 -1.09457825e+02]\n",
      " [ 2.61769388e-02  0.00000000e+00  9.99657333e-01 -1.28829865e+02]\n",
      " [ 0.00000000e+00  0.00000000e+00  0.00000000e+00  1.00000000e+00]]\n",
      "Transforming spacing of (256, 256, 192) from [1.         1.         0.99999952] to [1. 1. 1.]\n",
      "New shape: (256, 256, 192)\n",
      "Post-affine [[ 9.99657333e-01  0.00000000e+00 -2.61769518e-02 -9.59017487e+01]\n",
      " [ 0.00000000e+00  1.00000000e+00 -0.00000000e+00 -1.09457825e+02]\n",
      " [ 2.61769518e-02  0.00000000e+00  9.99657333e-01 -1.28829865e+02]\n",
      " [ 0.00000000e+00  0.00000000e+00  0.00000000e+00  1.00000000e+00]]\n",
      "Done\n",
      "Pre-affine [[  -0.859375     0.           0.         109.5703125]\n",
      " [   0.           1.5          0.         -92.25     ]\n",
      " [   0.           0.           0.859375  -109.5703125]\n",
      " [   0.           0.           0.           1.       ]]\n",
      "Transforming spacing of (256, 124, 256) from [0.859375 1.5      0.859375] to [1. 1. 1.]\n",
      "New shape: (220, 186, 220)\n",
      "Post-affine [[-1.  0.  0. -0.]\n",
      " [ 0. -1.  0. -0.]\n",
      " [ 0.  0.  1.  0.]\n",
      " [ 0.  0.  0.  1.]]\n",
      "Done\n",
      "Pre-affine [[ -0.          -0.           0.99990082 -98.19879913]\n",
      " [ -1.          -0.          -0.         150.84664917]\n",
      " [  0.          -1.           0.         107.10090637]\n",
      " [  0.           0.           0.           1.        ]]\n",
      "Transforming spacing of (192, 256, 256) from [0.99990082 1.         1.        ] to [1. 1. 1.]\n",
      "New shape: (192, 256, 256)\n",
      "Post-affine [[ -0.           0.           1.         -98.19879913]\n",
      " [ -1.          -0.          -0.         150.84664917]\n",
      " [  0.          -1.           0.         107.10090637]\n",
      " [  0.           0.           0.           1.        ]]\n",
      "Done\n",
      "Pre-affine [[ 1.32945228e+00 -1.74569599e-02  2.26804335e-02 -1.49875565e+02]\n",
      " [ 2.32117325e-02  9.99847591e-01  3.96012008e-04 -1.42021744e+02]\n",
      " [-3.01695075e-02 -2.02769357e-08  9.99742687e-01 -1.40358261e+02]\n",
      " [ 0.00000000e+00  0.00000000e+00  0.00000000e+00  1.00000000e+00]]\n",
      "Transforming spacing of (256, 256, 224) from [1.         1.         1.32999718] to [1. 1. 1.]\n",
      "New shape: (256, 256, 298)\n",
      "Post-affine [[ 9.99590337e-01 -1.74569599e-02  2.26804316e-02 -1.49875565e+02]\n",
      " [ 1.74524672e-02  9.99847651e-01  3.96012008e-04 -1.42021744e+02]\n",
      " [-2.26838887e-02 -2.02449222e-08  9.99742687e-01 -1.40358261e+02]\n",
      " [ 0.00000000e+00  0.00000000e+00  0.00000000e+00  1.00000000e+00]]\n",
      "Done\n",
      "Pre-affine [[ 9.99992371e-01  3.49062146e-03  0.00000000e+00 -9.65689316e+01]\n",
      " [-3.49061610e-03  9.99993920e-01  0.00000000e+00 -1.14135757e+02]\n",
      " [ 0.00000000e+00  0.00000000e+00  1.00000000e+00 -1.73361450e+02]\n",
      " [ 0.00000000e+00  0.00000000e+00  0.00000000e+00  1.00000000e+00]]\n",
      "Transforming spacing of (256, 256, 192) from [1.         1.         0.99999845] to [1. 1. 1.]\n",
      "New shape: (256, 256, 192)\n",
      "Post-affine [[ 9.99993920e-01  3.49062146e-03 -0.00000000e+00 -9.65689316e+01]\n",
      " [-3.49062146e-03  9.99993920e-01  0.00000000e+00 -1.14135757e+02]\n",
      " [ 0.00000000e+00  0.00000000e+00  1.00000000e+00 -1.73361450e+02]\n",
      " [ 0.00000000e+00  0.00000000e+00  0.00000000e+00  1.00000000e+00]]\n",
      "Done\n",
      "Pre-affine [[  -0.859375     0.           0.         109.5703125]\n",
      " [   0.           1.5          0.         -92.25     ]\n",
      " [   0.           0.           0.859375  -109.5703125]\n",
      " [   0.           0.           0.           1.       ]]\n",
      "Transforming spacing of (256, 124, 256) from [0.859375 1.5      0.859375] to [1. 1. 1.]\n",
      "New shape: (220, 186, 220)\n",
      "Post-affine [[-1.  0.  0. -0.]\n",
      " [ 0. -1.  0. -0.]\n",
      " [ 0.  0.  1.  0.]\n",
      " [ 0.  0.  0.  1.]]\n",
      "Done\n",
      "Pre-affine [[ -0.          -0.           0.99990082 -98.19879913]\n",
      " [ -1.          -0.          -0.         156.42533875]\n",
      " [  0.          -1.           0.         118.87814331]\n",
      " [  0.           0.           0.           1.        ]]\n",
      "Transforming spacing of (192, 256, 256) from [0.99990082 1.         1.        ] to [1. 1. 1.]\n",
      "New shape: (192, 256, 256)\n",
      "Post-affine [[ -0.           0.           1.         -98.19879913]\n",
      " [ -1.          -0.          -0.         156.42533875]\n",
      " [  0.          -1.           0.         118.87814331]\n",
      " [  0.           0.           0.           1.        ]]\n",
      "Done\n",
      "Pre-affine [[   1.            0.            0.          -97.16840363]\n",
      " [   0.            1.            0.          -59.62199402]\n",
      " [   0.            0.            1.         -152.35900879]\n",
      " [   0.            0.            0.            1.        ]]\n",
      "Transforming spacing of (256, 256, 200) from [1. 1. 1.] to [1. 1. 1.]\n",
      "New shape: (256, 256, 200)\n",
      "Post-affine [[   1.            0.           -0.          -97.16840363]\n",
      " [   0.            1.           -0.          -59.62199402]\n",
      " [   0.            0.            1.         -152.35900879]\n",
      " [   0.            0.            0.            1.        ]]\n",
      "Done\n",
      "Pre-affine [[ -0.          -0.           0.99990082 -84.56198883]\n",
      " [ -1.          -0.          -0.         155.18562317]\n",
      " [  0.          -1.           0.          99.04279327]\n",
      " [  0.           0.           0.           1.        ]]\n",
      "Transforming spacing of (192, 256, 256) from [0.99990082 1.         1.        ] to [1. 1. 1.]\n",
      "New shape: (192, 256, 256)\n",
      "Post-affine [[ -0.           0.           1.         -84.56198883]\n",
      " [ -1.          -0.          -0.         155.18562317]\n",
      " [  0.          -1.           0.          99.04279327]\n",
      " [  0.           0.           0.           1.        ]]\n",
      "Done\n",
      "Pre-affine [[ 1.32862854e+00  4.53630127e-02  0.00000000e+00 -1.52014679e+02]\n",
      " [-6.03327006e-02  9.98970568e-01  0.00000000e+00 -1.36451477e+02]\n",
      " [ 0.00000000e+00  0.00000000e+00  1.00000000e+00 -1.22442413e+02]\n",
      " [ 0.00000000e+00  0.00000000e+00  0.00000000e+00  1.00000000e+00]]\n",
      "Transforming spacing of (256, 256, 224) from [1.         1.         1.32999766] to [1. 1. 1.]\n",
      "New shape: (256, 256, 298)\n",
      "Post-affine [[ 9.98970568e-01  4.53630127e-02 -0.00000000e+00 -1.52014679e+02]\n",
      " [-4.53630127e-02  9.98970568e-01  0.00000000e+00 -1.36451477e+02]\n",
      " [ 0.00000000e+00  0.00000000e+00  1.00000000e+00 -1.22442413e+02]\n",
      " [ 0.00000000e+00  0.00000000e+00  0.00000000e+00  1.00000000e+00]]\n",
      "Done\n",
      "Pre-affine [[ 9.99867499e-01 -1.62686910e-02 -6.10345916e-04 -1.33419586e+02]\n",
      " [ 1.62052084e-02  9.98207986e-01 -5.80761954e-02 -5.95928879e+01]\n",
      " [ 1.55644072e-03  5.80601990e-02  9.98311937e-01 -1.46620438e+02]\n",
      " [ 0.00000000e+00  0.00000000e+00  0.00000000e+00  1.00000000e+00]]\n",
      "Transforming spacing of (256, 196, 256) from [1.         1.00002742 1.        ] to [1. 1. 1.]\n",
      "New shape: (256, 196, 256)\n",
      "Post-affine [[ 9.99867439e-01 -1.62682459e-02 -6.11551455e-04 -1.33419586e+02]\n",
      " [ 1.62052773e-02  9.98180628e-01 -5.80762140e-02 -5.95928879e+01]\n",
      " [ 1.55523699e-03  5.80586046e-02  9.98311996e-01 -1.46620438e+02]\n",
      " [ 0.00000000e+00  0.00000000e+00  0.00000000e+00  1.00000000e+00]]\n",
      "Done\n",
      "Pre-affine [[ -0.          -0.           0.99990082 -93.85980988]\n",
      " [ -1.          -0.          -0.         152.70620728]\n",
      " [  0.          -1.           0.         118.25829315]\n",
      " [  0.           0.           0.           1.        ]]\n",
      "Transforming spacing of (192, 256, 256) from [0.99990082 1.         1.        ] to [1. 1. 1.]\n",
      "New shape: (192, 256, 256)\n",
      "Post-affine [[ -0.           0.           1.         -93.85980988]\n",
      " [ -1.          -0.          -0.         152.70620728]\n",
      " [  0.          -1.           0.         118.25829315]\n",
      " [  0.           0.           0.           1.        ]]\n",
      "Done\n",
      "Pre-affine [[ -0.          -0.           0.99990082 -93.23995972]\n",
      " [ -1.          -0.          -0.         150.84664917]\n",
      " [  0.          -1.           0.         113.29945374]\n",
      " [  0.           0.           0.           1.        ]]\n",
      "Transforming spacing of (192, 256, 256) from [0.99990082 1.         1.        ] to [1. 1. 1.]\n",
      "New shape: (192, 256, 256)\n",
      "Post-affine [[ -0.           0.           1.         -93.23995972]\n",
      " [ -1.          -0.          -0.         150.84664917]\n",
      " [  0.          -1.           0.         113.29945374]\n",
      " [  0.           0.           0.           1.        ]]\n",
      "Done\n",
      "Pre-affine [[ 9.96351063e-01  7.18102530e-02  4.32434082e-02 -9.57622910e+01]\n",
      " [-7.21191168e-02  9.79305983e-01 -2.33937260e-02 -8.87371140e+01]\n",
      " [-4.56440262e-02  2.01896895e-02  9.80911493e-01 -1.09554405e+02]\n",
      " [ 0.00000000e+00  0.00000000e+00  0.00000000e+00  1.00000000e+00]]\n",
      "Transforming spacing of (224, 224, 180) from [0.98214287 0.98214287 1.        ] to [1. 1. 1.]\n",
      "New shape: (220, 220, 180)\n",
      "Post-affine [[ 9.96351063e-01  7.31158927e-02  4.40296531e-02 -9.57622910e+01]\n",
      " [-7.21191168e-02  9.97111559e-01 -2.38190684e-02 -8.87371140e+01]\n",
      " [-4.56440300e-02  2.05567740e-02  9.98746276e-01 -1.09554405e+02]\n",
      " [ 0.00000000e+00  0.00000000e+00  0.00000000e+00  1.00000000e+00]]\n",
      "Done\n",
      "Pre-affine [[ 9.99840140e-01 -1.78723838e-02  6.40867802e-04 -1.27001656e+02]\n",
      " [ 1.78837012e-02  9.99207437e-01 -3.58286910e-02 -4.34268188e+01]\n",
      " [ 0.00000000e+00  3.58347669e-02  9.99357760e-01 -1.49058228e+02]\n",
      " [ 0.00000000e+00  0.00000000e+00  0.00000000e+00  1.00000000e+00]]\n",
      "Transforming spacing of (256, 196, 256) from [1.         1.00000942 1.        ] to [1. 1. 1.]\n",
      "New shape: (256, 196, 256)\n",
      "Post-affine [[ 9.99840081e-01 -1.78722143e-02  6.40859944e-04 -1.27001656e+02]\n",
      " [ 1.78836994e-02  9.99197960e-01 -3.58286947e-02 -4.34268188e+01]\n",
      " [-7.85907162e-09  3.58344242e-02  9.99357700e-01 -1.49058228e+02]\n",
      " [ 0.00000000e+00  0.00000000e+00  0.00000000e+00  1.00000000e+00]]\n",
      "Done\n",
      "Pre-affine [[ 9.99679565e-01  1.68732591e-02 -1.51422061e-02 -8.03176117e+01]\n",
      " [-1.91785283e-02  8.88667405e-01 -1.01494920e-02 -1.11826187e+02]\n",
      " [ 1.68140735e-02  1.04365945e-02  8.88701975e-01 -1.17413315e+02]\n",
      " [ 0.00000000e+00  0.00000000e+00  0.00000000e+00  1.00000000e+00]]\n",
      "Transforming spacing of (288, 288, 150) from [0.8888889  0.8888889  1.00000489] to [1. 1. 1.]\n",
      "New shape: (256, 256, 150)\n",
      "Post-affine [[ 9.99674678e-01  1.89824179e-02 -1.70349814e-02 -8.03176117e+01]\n",
      " [-1.91784352e-02  9.99750853e-01 -1.14181787e-02 -1.11826187e+02]\n",
      " [ 1.68139935e-02  1.17411688e-02  9.99789715e-01 -1.17413315e+02]\n",
      " [ 0.00000000e+00  0.00000000e+00  0.00000000e+00  1.00000000e+00]]\n",
      "Done\n",
      "Pre-affine [[  -0.859375     0.           0.         109.5703125]\n",
      " [   0.           1.5          0.         -92.25     ]\n",
      " [   0.           0.           0.859375  -109.5703125]\n",
      " [   0.           0.           0.           1.       ]]\n",
      "Transforming spacing of (256, 124, 256) from [0.859375 1.5      0.859375] to [1. 1. 1.]\n",
      "New shape: (220, 186, 220)\n",
      "Post-affine [[-1.  0.  0. -0.]\n",
      " [ 0. -1.  0. -0.]\n",
      " [ 0.  0.  1.  0.]\n",
      " [ 0.  0.  0.  1.]]\n",
      "Done\n"
     ]
    }
   ],
   "source": [
    "ref_path = \"/home/joany/dataset_train/val/CC0126/brain_T1w.nii.gz\"\n",
    "folder_mri = f\"/home/joany/brain_dataset/split_dataset/teste\"\n",
    "input_paths = glob.glob(os.path.join(folder_mri, \"*\"))\n",
    "\n",
    "image, label = save_nii_zoom(input_paths, ref_path)"
   ]
  },
  {
   "cell_type": "code",
   "execution_count": null,
   "metadata": {},
   "outputs": [],
   "source": []
  }
 ],
 "metadata": {
  "kernelspec": {
   "display_name": "Python 3.9.5 ('base')",
   "language": "python",
   "name": "python3"
  },
  "language_info": {
   "codemirror_mode": {
    "name": "ipython",
    "version": 3
   },
   "file_extension": ".py",
   "mimetype": "text/x-python",
   "name": "python",
   "nbconvert_exporter": "python",
   "pygments_lexer": "ipython3",
   "version": "3.9.5"
  },
  "vscode": {
   "interpreter": {
    "hash": "73410407538b4d1a0a852b396975eee7810ded8ec78d6fe740da53f5e1054182"
   }
  }
 },
 "nbformat": 4,
 "nbformat_minor": 2
}
