{
 "cells": [
  {
   "cell_type": "markdown",
   "metadata": {},
   "source": [
    "# Pré-processamento para interpolação de voxel\n",
    "* Todos os conjuntos de dados foram pré-processados para obter o tamanho de voxel isométricos de (1x1x1). Isso foi feito usando a biblioteca SimpleITK, pois esta permite mudar o tamanho do voxel em precisar manupular manualmente a affine dos volumes. Essa biblioteca tem algumas funções que faz isso automaticamente, garantindo a compatibilidade dos dados para o treinamento. As imagens e as segmentações passaram por esse pré-processamento. Alguns volumes dos conjuntos de dados do CC359 já tem os voxels isométricos e um desses foi usado como referência para aplicar nos outros. "
   ]
  },
  {
   "cell_type": "code",
   "execution_count": 1,
   "metadata": {},
   "outputs": [],
   "source": [
    "from scipy.ndimage import zoom\n",
    "import SimpleITK as sitk\n",
    "import nibabel as nib\n",
    "import subprocess\n",
    "import numpy as np\n",
    "import glob\n",
    "import os\n",
    "\n",
    "def save_nii_zoom(input_paths: str, ref_path: str):\n",
    "    '''\n",
    "    Documentação\n",
    "    '''\n",
    "    for input_path in input_paths:\n",
    "        T1_file = 'brain_T1w.nii.gz'\n",
    "        sitk_T1 = sitk.ReadImage(os.path.join(input_path, T1_file))\n",
    "        origin = sitk_T1.GetOrigin()\n",
    "        spacing = sitk_T1.GetSpacing()\n",
    "        directions = sitk_T1.GetDirection()\n",
    "\n",
    "        mask_T1_file = 'fix_brainmask_T1w.nii.gz'\n",
    "        sitk_mask_T1 = sitk.ReadImage(os.path.join(input_path, mask_T1_file))\n",
    "\n",
    "        pre_affine = nib.load(os.path.join(input_path, T1_file)).affine\n",
    "        print(f\"Pre-affine {pre_affine}\")  \n",
    "\n",
    "        T1_array = sitk.GetArrayFromImage(sitk_T1)\n",
    "        mask_T1_array = sitk.GetArrayFromImage(sitk_mask_T1)\n",
    "\n",
    "        input_spacing = np.array(spacing[::-1])  # 1, 1, 2 -> 2, 1, 1\n",
    "        target_spacing = np.array(sitk.ReadImage(ref_path).GetSpacing())[::-1]\n",
    "        print(f\"Transforming spacing of {T1_array.shape} from {input_spacing} to {target_spacing}\")\n",
    "\n",
    "        T1_iso_array = zoom(T1_array, input_spacing/target_spacing)\n",
    "        mask_T1_iso_array = zoom(mask_T1_array, input_spacing/target_spacing, order=0)\n",
    "        print(f\"New shape: {T1_iso_array.shape}\")\n",
    "\n",
    "        iso_T1 = sitk.GetImageFromArray(T1_iso_array)\n",
    "        iso_T1.SetSpacing(target_spacing[::-1])\n",
    "        iso_T1.SetOrigin(origin)\n",
    "        iso_T1.SetDirection(directions)\n",
    "        iso_mask_T1 = sitk.GetImageFromArray(mask_T1_iso_array)\n",
    "        iso_mask_T1.SetSpacing(target_spacing[::-1])\n",
    "        iso_mask_T1.SetOrigin(origin)\n",
    "        iso_mask_T1.SetDirection(directions)\n",
    "\n",
    "\n",
    "\n",
    "        T1_out_name = \"iso_brain_T1w.nii.gz\"\n",
    "        mask_T1_out_name = \"iso_brainmask_T1w.nii.gz\"\n",
    "\n",
    "        sitk.WriteImage(iso_T1, os.path.join(input_path, T1_out_name))\n",
    "        sitk.WriteImage(iso_mask_T1, os.path.join(input_path, mask_T1_out_name))\n",
    "        post_affine = nib.load(os.path.join(input_path, T1_out_name)).affine\n",
    "        print(f\"Post-affine {post_affine}\")\n",
    "\n",
    "        print(\"Done\")\n",
    "\n",
    "    return iso_T1, iso_mask_T1"
   ]
  },
  {
   "cell_type": "code",
   "execution_count": 2,
   "metadata": {},
   "outputs": [
    {
     "name": "stdout",
     "output_type": "stream",
     "text": [
      "Pre-affine [[ 9.96478796e-01 -6.34289905e-02 -5.48329167e-02 -1.09191711e+02]\n",
      " [ 6.33631870e-02  9.97973025e-01 -2.95466068e-03 -1.11349678e+02]\n",
      " [ 5.49098887e-02 -5.30124642e-04  9.98491228e-01 -1.54765289e+02]\n",
      " [ 0.00000000e+00  0.00000000e+00  0.00000000e+00  1.00000000e+00]]\n",
      "Transforming spacing of (256, 196, 256) from [1.         0.99998683 1.        ] to [1. 1. 1.]\n",
      "New shape: (256, 196, 256)\n",
      "Post-affine [[ 9.96478796e-01 -6.34298250e-02 -5.48329055e-02 -1.09191711e+02]\n",
      " [ 6.33631945e-02  9.97986197e-01 -2.95465998e-03 -1.11349678e+02]\n",
      " [ 5.49098961e-02 -5.30131627e-04  9.98491168e-01 -1.54765289e+02]\n",
      " [ 0.00000000e+00  0.00000000e+00  0.00000000e+00  1.00000000e+00]]\n",
      "Done\n",
      "Pre-affine [[ 9.99060214e-01 -2.24244129e-02  3.71105000e-02 -1.32854523e+02]\n",
      " [ 1.80671029e-02  9.93274927e-01  1.13925003e-01 -7.95169830e+01]\n",
      " [-3.93996127e-02 -1.13141738e-01  9.92796004e-01 -1.07591080e+02]\n",
      " [ 0.00000000e+00  0.00000000e+00  0.00000000e+00  1.00000000e+00]]\n",
      "Transforming spacing of (256, 196, 256) from [1.        0.9999494 1.       ] to [1. 1. 1.]\n",
      "New shape: (256, 196, 256)\n",
      "Post-affine [[ 9.99059856e-01 -2.24255472e-02  3.71014401e-02 -1.32854523e+02]\n",
      " [ 1.80660672e-02  9.93325114e-01  1.13924831e-01 -7.95169830e+01]\n",
      " [-3.94086167e-02 -1.13147452e-01  9.92796361e-01 -1.07591080e+02]\n",
      " [ 0.00000000e+00  0.00000000e+00  0.00000000e+00  1.00000000e+00]]\n",
      "Done\n",
      "Pre-affine [[ -0.          -0.           0.99990082 -98.19879913]\n",
      " [ -1.          -0.          -0.         154.56576538]\n",
      " [  0.          -1.           0.         116.39872742]\n",
      " [  0.           0.           0.           1.        ]]\n",
      "Transforming spacing of (192, 256, 256) from [0.99990082 1.         1.        ] to [1. 1. 1.]\n",
      "New shape: (192, 256, 256)\n",
      "Post-affine [[ -0.           0.           1.         -98.19879913]\n",
      " [ -1.          -0.          -0.         154.56576538]\n",
      " [  0.          -1.           0.         116.39872742]\n",
      " [  0.           0.           0.           1.        ]]\n",
      "Done\n",
      "Pre-affine [[ 9.99975264e-01  7.01532047e-03 -3.96727177e-04 -1.29885529e+02]\n",
      " [-7.01929163e-03  9.99907136e-01 -1.14444057e-02 -6.21617737e+01]\n",
      " [ 3.05178080e-04  1.14468755e-02  9.99934494e-01 -1.30403107e+02]\n",
      " [ 0.00000000e+00  0.00000000e+00  0.00000000e+00  1.00000000e+00]]\n",
      "Transforming spacing of (256, 196, 256) from [1.         0.99999726 1.        ] to [1. 1. 1.]\n",
      "New shape: (256, 196, 256)\n",
      "Post-affine [[ 9.99975324e-01  7.01533910e-03 -3.91113455e-04 -1.29885529e+02]\n",
      " [-7.01935589e-03  9.99909878e-01 -1.14444438e-02 -6.21617737e+01]\n",
      " [ 3.10791540e-04  1.14469063e-02  9.99934435e-01 -1.30403107e+02]\n",
      " [ 0.00000000e+00  0.00000000e+00  0.00000000e+00  1.00000000e+00]]\n",
      "Done\n",
      "Pre-affine [[ -0.          -0.           0.99990082 -95.5       ]\n",
      " [ -1.          -0.          -0.         158.        ]\n",
      " [  0.          -1.           0.         142.49546814]\n",
      " [  0.           0.           0.           1.        ]]\n",
      "Transforming spacing of (192, 256, 256) from [0.99990082 1.         1.        ] to [1. 1. 1.]\n",
      "New shape: (192, 256, 256)\n",
      "Post-affine [[ -0.           0.           1.         -95.5       ]\n",
      " [ -1.          -0.          -0.         158.        ]\n",
      " [  0.          -1.           0.         142.49546814]\n",
      " [  0.           0.           0.           1.        ]]\n",
      "Done\n",
      "Pre-affine [[ -0.          -0.           0.99990082 -94.47966766]\n",
      " [ -1.          -0.          -0.         155.80548096]\n",
      " [  0.          -1.           0.         115.77886963]\n",
      " [  0.           0.           0.           1.        ]]\n",
      "Transforming spacing of (192, 256, 256) from [0.99990082 1.         1.        ] to [1. 1. 1.]\n",
      "New shape: (192, 256, 256)\n",
      "Post-affine [[ -0.           0.           1.         -94.47966766]\n",
      " [ -1.          -0.          -0.         155.80548096]\n",
      " [  0.          -1.           0.         115.77886963]\n",
      " [  0.           0.           0.           1.        ]]\n",
      "Done\n",
      "Pre-affine [[ -0.          -0.           0.99990082 -94.47966766]\n",
      " [ -1.          -0.          -0.         155.18562317]\n",
      " [  0.          -1.           0.          86.64570618]\n",
      " [  0.           0.           0.           1.        ]]\n",
      "Transforming spacing of (192, 256, 256) from [0.99990082 1.         1.        ] to [1. 1. 1.]\n",
      "New shape: (192, 256, 256)\n",
      "Post-affine [[ -0.           0.           1.         -94.47966766]\n",
      " [ -1.          -0.          -0.         155.18562317]\n",
      " [  0.          -1.           0.          86.64570618]\n",
      " [  0.           0.           0.           1.        ]]\n",
      "Done\n",
      "Pre-affine [[ -0.          -0.           0.99990082 -98.19879913]\n",
      " [ -1.          -0.          -0.         157.66503906]\n",
      " [  0.          -1.           0.         127.5561142 ]\n",
      " [  0.           0.           0.           1.        ]]\n",
      "Transforming spacing of (192, 256, 256) from [0.99990082 1.         1.        ] to [1. 1. 1.]\n",
      "New shape: (192, 256, 256)\n",
      "Post-affine [[ -0.           0.           1.         -98.19879913]\n",
      " [ -1.          -0.          -0.         157.66503906]\n",
      " [  0.          -1.           0.         127.5561142 ]\n",
      " [  0.           0.           0.           1.        ]]\n",
      "Done\n",
      "Pre-affine [[ 9.99542058e-01 -2.69418210e-02  2.35250569e-03 -7.21455612e+01]\n",
      " [ 3.03234756e-02  8.75842869e-01 -1.49318919e-01 -9.22192612e+01]\n",
      " [ 2.48379912e-03  1.49321139e-01  8.76254380e-01 -1.70639206e+02]\n",
      " [ 0.00000000e+00  0.00000000e+00  0.00000000e+00  1.00000000e+00]]\n",
      "Transforming spacing of (288, 288, 150) from [0.8888889  0.8888889  1.00000501] to [1. 1. 1.]\n",
      "New shape: (256, 256, 150)\n",
      "Post-affine [[ 9.99537051e-01 -3.03095505e-02  2.64656963e-03 -7.21455612e+01]\n",
      " [ 3.03233247e-02  9.85323310e-01 -1.67983800e-01 -9.22192612e+01]\n",
      " [ 2.48378702e-03  1.67986274e-01  9.85786200e-01 -1.70639206e+02]\n",
      " [ 0.00000000e+00  0.00000000e+00  0.00000000e+00  1.00000000e+00]]\n",
      "Done\n",
      "Pre-affine [[ 9.99978900e-01  6.49997406e-03 -3.05176072e-05 -1.28128830e+02]\n",
      " [-6.50049886e-03  9.99903917e-01 -1.22075039e-03 -6.06943817e+01]\n",
      " [ 3.05178946e-05  1.22083246e-03  9.99999225e-01 -1.51291595e+02]\n",
      " [ 0.00000000e+00  0.00000000e+00  0.00000000e+00  1.00000000e+00]]\n",
      "Transforming spacing of (256, 196, 256) from [1.         0.99992579 1.        ] to [1. 1. 1.]\n",
      "New shape: (256, 196, 256)\n",
      "Post-affine [[ 9.99978900e-01  6.50045648e-03 -3.44857217e-05 -1.28128830e+02]\n",
      " [-6.50049374e-03  9.99978125e-01 -1.22072466e-03 -6.06943817e+01]\n",
      " [ 2.65497001e-05  1.22092303e-03  9.99999285e-01 -1.51291595e+02]\n",
      " [ 0.00000000e+00  0.00000000e+00  0.00000000e+00  1.00000000e+00]]\n",
      "Done\n",
      "Pre-affine [[ 9.99115646e-01 -1.57671906e-02  3.40747945e-02 -7.90032349e+01]\n",
      " [ 1.32204983e-02  8.82908702e-01  1.02262422e-01 -1.33760361e+02]\n",
      " [-4.01172452e-02 -1.01720668e-01  8.82329166e-01 -9.38939514e+01]\n",
      " [ 0.00000000e+00  0.00000000e+00  0.00000000e+00  1.00000000e+00]]\n",
      "Transforming spacing of (288, 288, 162) from [0.8888889  0.8888889  1.00000811] to [1. 1. 1.]\n",
      "New shape: (256, 256, 162)\n",
      "Post-affine [[ 9.99107540e-01 -1.77380890e-02  3.83341424e-02 -7.90032349e+01]\n",
      " [ 1.32203903e-02  9.93272305e-01  1.15045220e-01 -1.33760361e+02]\n",
      " [-4.01169211e-02 -1.14435755e-01  9.92620349e-01 -9.38939514e+01]\n",
      " [ 0.00000000e+00  0.00000000e+00  0.00000000e+00  1.00000000e+00]]\n",
      "Done\n",
      "Pre-affine [[ 9.99433398e-01  9.72551946e-03  3.22218426e-02 -9.67632675e+01]\n",
      " [-1.21132350e-02  9.97128248e-01  7.47561529e-02 -1.16765198e+02]\n",
      " [-3.14022675e-02 -7.51041174e-02  9.96681094e-01 -1.16646973e+02]\n",
      " [ 0.00000000e+00  0.00000000e+00  0.00000000e+00  1.00000000e+00]]\n",
      "Transforming spacing of (240, 240, 180) from [1. 1. 1.] to [1. 1. 1.]\n",
      "New shape: (240, 240, 180)\n",
      "Post-affine [[ 9.99433398e-01  9.72552039e-03  3.22218388e-02 -9.67632675e+01]\n",
      " [-1.21132350e-02  9.97128248e-01  7.47561604e-02 -1.16765198e+02]\n",
      " [-3.14022675e-02 -7.51041099e-02  9.96681094e-01 -1.16646973e+02]\n",
      " [ 0.00000000e+00  0.00000000e+00  0.00000000e+00  1.00000000e+00]]\n",
      "Done\n",
      "Pre-affine [[ 9.99778688e-01  0.00000000e+00  2.09424328e-02 -9.33506927e+01]\n",
      " [ 0.00000000e+00  1.00000000e+00  0.00000000e+00 -1.09457825e+02]\n",
      " [-2.09423918e-02  0.00000000e+00  9.99780655e-01 -1.24972137e+02]\n",
      " [ 0.00000000e+00  0.00000000e+00  0.00000000e+00  1.00000000e+00]]\n",
      "Transforming spacing of (256, 256, 192) from [1.         1.         0.99999803] to [1. 1. 1.]\n",
      "New shape: (256, 256, 192)\n",
      "Post-affine [[ 9.99780655e-01  0.00000000e+00  2.09424347e-02 -9.33506927e+01]\n",
      " [ 0.00000000e+00  1.00000000e+00  0.00000000e+00 -1.09457825e+02]\n",
      " [-2.09424347e-02  0.00000000e+00  9.99780655e-01 -1.24972137e+02]\n",
      " [ 0.00000000e+00  0.00000000e+00  0.00000000e+00  1.00000000e+00]]\n",
      "Done\n",
      "Pre-affine [[   1.            0.            0.          -96.75301361]\n",
      " [   0.            1.            0.          -93.16867065]\n",
      " [   0.            0.            1.         -142.66265869]\n",
      " [   0.            0.            0.            1.        ]]\n",
      "Transforming spacing of (256, 256, 192) from [1. 1. 1.] to [1. 1. 1.]\n",
      "New shape: (256, 256, 192)\n",
      "Post-affine [[   1.            0.           -0.          -96.75301361]\n",
      " [   0.            1.           -0.          -93.16867065]\n",
      " [   0.            0.            1.         -142.66265869]\n",
      " [   0.            0.            0.            1.        ]]\n",
      "Done\n",
      "Pre-affine [[ 9.99557436e-01  2.44068149e-02 -1.00584868e-02 -8.15681763e+01]\n",
      " [-2.90295761e-02  8.74434769e-01 -1.57548502e-01 -9.46074982e+01]\n",
      " [ 6.26512943e-03  1.57771006e-01  8.74757588e-01 -1.26210022e+02]\n",
      " [ 0.00000000e+00  0.00000000e+00  0.00000000e+00  1.00000000e+00]]\n",
      "Transforming spacing of (288, 288, 165) from [0.8888889  0.8888889  0.99999851] to [1. 1. 1.]\n",
      "New shape: (256, 256, 165)\n",
      "Post-affine [[ 9.99558926e-01  2.74576657e-02 -1.13157975e-02 -8.15681763e+01]\n",
      " [-2.90296189e-02  9.83739078e-01 -1.77242041e-01 -9.46074982e+01]\n",
      " [ 6.26513921e-03  1.77492365e-01  9.84102249e-01 -1.26210022e+02]\n",
      " [ 0.00000000e+00  0.00000000e+00  0.00000000e+00  1.00000000e+00]]\n",
      "Done\n",
      "Pre-affine [[ 1.32998657e+00 -5.23464242e-03  1.74496707e-03 -1.53287247e+02]\n",
      " [ 6.96209958e-03  9.99986291e-01  9.09713708e-06 -1.30100113e+02]\n",
      " [-2.32084980e-03  3.72661333e-08  9.99998450e-01 -1.36614578e+02]\n",
      " [ 0.00000000e+00  0.00000000e+00  0.00000000e+00  1.00000000e+00]]\n",
      "Transforming spacing of (256, 256, 224) from [1.         1.         1.33000684] to [1. 1. 1.]\n",
      "New shape: (256, 256, 298)\n",
      "Post-affine [[ 9.99984741e-01 -5.23464195e-03  1.74496719e-03 -1.53287247e+02]\n",
      " [ 5.23463450e-03  9.99986291e-01  9.09713708e-06 -1.30100113e+02]\n",
      " [-1.74499094e-03  3.72659450e-08  9.99998450e-01 -1.36614578e+02]\n",
      " [ 0.00000000e+00  0.00000000e+00  0.00000000e+00  1.00000000e+00]]\n",
      "Done\n",
      "Pre-affine [[  -0.859375     0.           0.         109.5703125]\n",
      " [   0.           1.5          0.         -92.25     ]\n",
      " [   0.           0.           0.859375  -109.5703125]\n",
      " [   0.           0.           0.           1.       ]]\n",
      "Transforming spacing of (256, 124, 256) from [0.859375 1.5      0.859375] to [1. 1. 1.]\n",
      "New shape: (220, 186, 220)\n",
      "Post-affine [[-1.  0.  0. -0.]\n",
      " [ 0. -1.  0. -0.]\n",
      " [ 0.  0.  1.  0.]\n",
      " [ 0.  0.  0.  1.]]\n",
      "Done\n",
      "Pre-affine [[ -0.          -0.           0.99990082 -98.19879913]\n",
      " [ -1.          -0.          -0.         150.84664917]\n",
      " [  0.          -1.           0.         110.82003784]\n",
      " [  0.           0.           0.           1.        ]]\n",
      "Transforming spacing of (192, 256, 256) from [0.99990082 1.         1.        ] to [1. 1. 1.]\n",
      "New shape: (192, 256, 256)\n",
      "Post-affine [[ -0.           0.           1.         -98.19879913]\n",
      " [ -1.          -0.          -0.         150.84664917]\n",
      " [  0.          -1.           0.         110.82003784]\n",
      " [  0.           0.           0.           1.        ]]\n",
      "Done\n",
      "Pre-affine [[ -0.          -0.           0.99990082 -90.76053619]\n",
      " [ -1.          -0.          -0.         154.56576538]\n",
      " [  0.          -1.           0.         130.03553772]\n",
      " [  0.           0.           0.           1.        ]]\n",
      "Transforming spacing of (192, 256, 256) from [0.99990082 1.         1.        ] to [1. 1. 1.]\n",
      "New shape: (192, 256, 256)\n",
      "Post-affine [[ -0.           0.           1.         -90.76053619]\n",
      " [ -1.          -0.          -0.         154.56576538]\n",
      " [  0.          -1.           0.         130.03553772]\n",
      " [  0.           0.           0.           1.        ]]\n",
      "Done\n",
      "Pre-affine [[ 9.97687876e-01  6.80152699e-02  0.00000000e+00 -1.02664459e+02]\n",
      " [-6.80155158e-02  9.97684300e-01  0.00000000e+00 -1.03294739e+02]\n",
      " [ 0.00000000e+00  0.00000000e+00  1.00000000e+00 -1.43915665e+02]\n",
      " [ 0.00000000e+00  0.00000000e+00  0.00000000e+00  1.00000000e+00]]\n",
      "Transforming spacing of (256, 256, 192) from [1.         1.         1.00000358] to [1. 1. 1.]\n",
      "New shape: (256, 256, 192)\n",
      "Post-affine [[ 9.97684300e-01  6.80152699e-02 -0.00000000e+00 -1.02664459e+02]\n",
      " [-6.80152699e-02  9.97684300e-01  0.00000000e+00 -1.03294739e+02]\n",
      " [ 0.00000000e+00  0.00000000e+00  1.00000000e+00 -1.43915665e+02]\n",
      " [ 0.00000000e+00  0.00000000e+00  0.00000000e+00  1.00000000e+00]]\n",
      "Done\n",
      "Pre-affine [[ 9.99747574e-01  1.07101444e-02  1.97546966e-02 -1.28687073e+02]\n",
      " [-1.07074063e-02  1.00000310e+00 -2.11595951e-04 -1.06645653e+02]\n",
      " [-1.97559111e-02  2.09851301e-08  9.99804795e-01 -1.46053467e+02]\n",
      " [ 0.00000000e+00  0.00000000e+00  0.00000000e+00  1.00000000e+00]]\n",
      "Transforming spacing of (256, 196, 256) from [1.         1.00006044 1.        ] to [1. 1. 1.]\n",
      "New shape: (256, 196, 256)\n",
      "Post-affine [[ 9.99747515e-01  1.07094962e-02  1.97547358e-02 -1.28687073e+02]\n",
      " [-1.07074063e-02  9.99942660e-01 -2.11596402e-04 -1.06645653e+02]\n",
      " [-1.97558701e-02  2.09920543e-08  9.99804854e-01 -1.46053467e+02]\n",
      " [ 0.00000000e+00  0.00000000e+00  0.00000000e+00  1.00000000e+00]]\n",
      "Done\n",
      "Pre-affine [[ 1.00000000e+00 -5.93583565e-04  2.41043163e-03 -7.53329391e+01]\n",
      " [ 7.50622363e-04  8.88470650e-01 -2.72557400e-02 -1.13628784e+02]\n",
      " [-2.68999394e-03  2.72574425e-02  8.88467610e-01 -1.08021622e+02]\n",
      " [ 0.00000000e+00  0.00000000e+00  0.00000000e+00  1.00000000e+00]]\n",
      "Transforming spacing of (288, 288, 150) from [0.8888889  0.8888889  1.00000393] to [1. 1. 1.]\n",
      "New shape: (256, 256, 150)\n",
      "Post-affine [[ 9.99996066e-01 -6.67781569e-04  2.71173543e-03 -7.53329391e+01]\n",
      " [ 7.50619452e-04  9.99529481e-01 -3.06627080e-02 -1.13628784e+02]\n",
      " [-2.68998370e-03  3.06646246e-02  9.99526143e-01 -1.08021622e+02]\n",
      " [ 0.00000000e+00  0.00000000e+00  0.00000000e+00  1.00000000e+00]]\n",
      "Done\n",
      "Pre-affine [[ 9.99081433e-01 -3.15161496e-02 -2.90340409e-02 -7.35046234e+01]\n",
      " [ 2.28315331e-02  9.64875519e-01 -2.61713445e-01 -8.53538055e+01]\n",
      " [ 3.62624340e-02  2.60810167e-01  9.64708805e-01 -1.96855774e+02]\n",
      " [ 0.00000000e+00  0.00000000e+00  0.00000000e+00  1.00000000e+00]]\n",
      "Transforming spacing of (240, 240, 180) from [1. 1. 1.] to [1. 1. 1.]\n",
      "New shape: (240, 240, 180)\n",
      "Post-affine [[ 9.99081492e-01 -3.15161496e-02 -2.90340409e-02 -7.35046234e+01]\n",
      " [ 2.28315331e-02  9.64875519e-01 -2.61713445e-01 -8.53538055e+01]\n",
      " [ 3.62624377e-02  2.60810167e-01  9.64708805e-01 -1.96855774e+02]\n",
      " [ 0.00000000e+00  0.00000000e+00  0.00000000e+00  1.00000000e+00]]\n",
      "Done\n",
      "Pre-affine [[  -0.859375     0.           0.         109.5703125]\n",
      " [   0.           1.5          0.         -92.25     ]\n",
      " [   0.           0.           0.859375  -109.5703125]\n",
      " [   0.           0.           0.           1.       ]]\n",
      "Transforming spacing of (256, 124, 256) from [0.859375 1.5      0.859375] to [1. 1. 1.]\n",
      "New shape: (220, 186, 220)\n",
      "Post-affine [[-1.  0.  0. -0.]\n",
      " [ 0. -1.  0. -0.]\n",
      " [ 0.  0.  1.  0.]\n",
      " [ 0.  0.  0.  1.]]\n",
      "Done\n",
      "Pre-affine [[ 9.93484437e-01  8.60901102e-02  5.35179675e-02 -9.49022980e+01]\n",
      " [-9.98373702e-02  8.83386970e-01  4.33066897e-02 -1.11979263e+02]\n",
      " [-5.51169068e-02 -4.83672097e-02  8.86218846e-01 -8.94626617e+01]\n",
      " [ 0.00000000e+00  0.00000000e+00  0.00000000e+00  1.00000000e+00]]\n",
      "Transforming spacing of (288, 288, 160) from [0.8888889  0.8888889  1.00000834] to [1. 1. 1.]\n",
      "New shape: (256, 256, 160)\n",
      "Post-affine [[ 9.93476152e-01  9.68513787e-02  6.02077097e-02 -9.49022980e+01]\n",
      " [-9.98365432e-02  9.93810356e-01  4.87200245e-02 -1.11979263e+02]\n",
      " [-5.51164448e-02 -5.44131100e-02  9.96996164e-01 -8.94626617e+01]\n",
      " [ 0.00000000e+00  0.00000000e+00  0.00000000e+00  1.00000000e+00]]\n",
      "Done\n",
      "Pre-affine [[ -0.          -0.           0.99990082 -93.85980988]\n",
      " [ -1.          -0.          -0.         146.50765991]\n",
      " [  0.          -1.           0.         112.67959595]\n",
      " [  0.           0.           0.           1.        ]]\n",
      "Transforming spacing of (192, 256, 256) from [0.99990082 1.         1.        ] to [1. 1. 1.]\n",
      "New shape: (192, 256, 256)\n",
      "Post-affine [[ -0.           0.           1.         -93.85980988]\n",
      " [ -1.          -0.          -0.         146.50765991]\n",
      " [  0.          -1.           0.         112.67959595]\n",
      " [  0.           0.           0.           1.        ]]\n",
      "Done\n",
      "Pre-affine [[ 9.97477829e-01  6.73183426e-02  2.24984940e-02 -1.01697304e+02]\n",
      " [-6.59104884e-02  9.96118069e-01 -5.83488904e-02 -1.08810112e+02]\n",
      " [-2.63391063e-02  5.67188375e-02  9.98042703e-01 -1.50005035e+02]\n",
      " [ 0.00000000e+00  0.00000000e+00  0.00000000e+00  1.00000000e+00]]\n",
      "Transforming spacing of (240, 240, 180) from [1. 1. 1.] to [1. 1. 1.]\n",
      "New shape: (240, 240, 180)\n",
      "Post-affine [[ 9.97477889e-01  6.73183426e-02  2.24984940e-02 -1.01697304e+02]\n",
      " [-6.59104884e-02  9.96118069e-01 -5.83488904e-02 -1.08810112e+02]\n",
      " [-2.63391063e-02  5.67188375e-02  9.98042703e-01 -1.50005035e+02]\n",
      " [ 0.00000000e+00  0.00000000e+00  0.00000000e+00  1.00000000e+00]]\n",
      "Done\n",
      "Pre-affine [[ -0.          -0.           0.99990082 -92.00024414]\n",
      " [ -1.          -0.          -0.         153.        ]\n",
      " [  0.          -1.           0.         118.        ]\n",
      " [  0.           0.           0.           1.        ]]\n",
      "Transforming spacing of (192, 256, 256) from [0.99990082 1.         1.        ] to [1. 1. 1.]\n",
      "New shape: (192, 256, 256)\n",
      "Post-affine [[ -0.           0.           1.         -92.00024414]\n",
      " [ -1.          -0.          -0.         153.        ]\n",
      " [  0.          -1.           0.         118.        ]\n",
      " [  0.           0.           0.           1.        ]]\n",
      "Done\n",
      "Pre-affine [[   1.            0.            0.          -94.24698639]\n",
      " [   0.            1.            0.         -103.98124695]\n",
      " [   0.            0.            1.         -127.        ]\n",
      " [   0.            0.            0.            1.        ]]\n",
      "Transforming spacing of (256, 256, 192) from [1. 1. 1.] to [1. 1. 1.]\n",
      "New shape: (256, 256, 192)\n",
      "Post-affine [[   1.            0.           -0.          -94.24698639]\n",
      " [   0.            1.           -0.         -103.98124695]\n",
      " [   0.            0.            1.         -127.        ]\n",
      " [   0.            0.            0.            1.        ]]\n",
      "Done\n",
      "Pre-affine [[   1.            0.            0.          -94.24698639]\n",
      " [   0.            1.            0.         -113.0219574 ]\n",
      " [   0.            0.            1.         -119.87174988]\n",
      " [   0.            0.            0.            1.        ]]\n",
      "Transforming spacing of (256, 256, 192) from [1. 1. 1.] to [1. 1. 1.]\n",
      "New shape: (256, 256, 192)\n",
      "Post-affine [[   1.            0.           -0.          -94.24698639]\n",
      " [   0.            1.           -0.         -113.0219574 ]\n",
      " [   0.            0.            1.         -119.87174988]\n",
      " [   0.            0.            0.            1.        ]]\n",
      "Done\n",
      "Pre-affine [[ 9.98973548e-01  4.47911806e-02 -6.76507270e-03 -8.77138824e+01]\n",
      " [-4.50300649e-02  9.65647519e-01 -2.55924225e-01 -6.59245682e+01]\n",
      " [-4.93047293e-03  2.55966157e-01  9.66673195e-01 -1.54600723e+02]\n",
      " [ 0.00000000e+00  0.00000000e+00  0.00000000e+00  1.00000000e+00]]\n",
      "Transforming spacing of (240, 240, 180) from [1. 1. 1.] to [1. 1. 1.]\n",
      "New shape: (240, 240, 180)\n",
      "Post-affine [[ 9.98973489e-01  4.47911769e-02 -6.76507317e-03 -8.77138824e+01]\n",
      " [-4.50300612e-02  9.65647519e-01 -2.55924225e-01 -6.59245682e+01]\n",
      " [-4.93047200e-03  2.55966127e-01  9.66673195e-01 -1.54600723e+02]\n",
      " [ 0.00000000e+00  0.00000000e+00  0.00000000e+00  1.00000000e+00]]\n",
      "Done\n",
      "Pre-affine [[   1.            0.            0.          -94.24698639]\n",
      " [   0.            1.            0.         -109.45782471]\n",
      " [   0.            0.            1.         -127.        ]\n",
      " [   0.            0.            0.            1.        ]]\n",
      "Transforming spacing of (256, 256, 192) from [1. 1. 1.] to [1. 1. 1.]\n",
      "New shape: (256, 256, 192)\n",
      "Post-affine [[   1.            0.           -0.          -94.24698639]\n",
      " [   0.            1.           -0.         -109.45782471]\n",
      " [   0.            0.            1.         -127.        ]\n",
      " [   0.            0.            0.            1.        ]]\n",
      "Done\n",
      "Pre-affine [[ 9.98886228e-01 -4.66344878e-02 -7.18218088e-03 -1.17754539e+02]\n",
      " [ 4.66333106e-02  9.98911381e-01 -3.35306016e-04 -9.86085815e+01]\n",
      " [ 7.18999188e-03  3.69618425e-09  9.99974132e-01 -1.55370850e+02]\n",
      " [ 0.00000000e+00  0.00000000e+00  0.00000000e+00  1.00000000e+00]]\n",
      "Transforming spacing of (256, 196, 256) from [1.        0.9999994 1.       ] to [1. 1. 1.]\n",
      "New shape: (256, 196, 256)\n",
      "Post-affine [[ 9.98886228e-01 -4.66345176e-02 -7.18217529e-03 -1.17754539e+02]\n",
      " [ 4.66333106e-02  9.98911977e-01 -3.35305755e-04 -9.86085815e+01]\n",
      " [ 7.18999747e-03  3.69646047e-09  9.99974132e-01 -1.55370850e+02]\n",
      " [ 0.00000000e+00  0.00000000e+00  0.00000000e+00  1.00000000e+00]]\n",
      "Done\n",
      "Pre-affine [[ -0.          -0.           0.99990082 -98.19879913]\n",
      " [ -1.          -0.          -0.         154.56576538]\n",
      " [  0.          -1.           0.         105.24134064]\n",
      " [  0.           0.           0.           1.        ]]\n",
      "Transforming spacing of (192, 256, 256) from [0.99990082 1.         1.        ] to [1. 1. 1.]\n",
      "New shape: (192, 256, 256)\n",
      "Post-affine [[ -0.           0.           1.         -98.19879913]\n",
      " [ -1.          -0.          -0.         154.56576538]\n",
      " [  0.          -1.           0.         105.24134064]\n",
      " [  0.           0.           0.           1.        ]]\n",
      "Done\n",
      "Pre-affine [[   1.            0.            0.         -101.38800049]\n",
      " [   0.            1.            0.          -59.62199402]\n",
      " [   0.            0.            1.         -147.90499878]\n",
      " [   0.            0.            0.            1.        ]]\n",
      "Transforming spacing of (256, 256, 200) from [1. 1. 1.] to [1. 1. 1.]\n",
      "New shape: (256, 256, 200)\n",
      "Post-affine [[   1.            0.           -0.         -101.38800049]\n",
      " [   0.            1.           -0.          -59.62199402]\n",
      " [   0.            0.            1.         -147.90499878]\n",
      " [   0.            0.            0.            1.        ]]\n",
      "Done\n",
      "Pre-affine [[  -0.859375     0.           0.         109.5703125]\n",
      " [   0.           1.5          0.         -92.25     ]\n",
      " [   0.           0.           0.859375  -109.5703125]\n",
      " [   0.           0.           0.           1.       ]]\n",
      "Transforming spacing of (256, 124, 256) from [0.859375 1.5      0.859375] to [1. 1. 1.]\n",
      "New shape: (220, 186, 220)\n",
      "Post-affine [[-1.  0.  0. -0.]\n",
      " [ 0. -1.  0. -0.]\n",
      " [ 0.  0.  1.  0.]\n",
      " [ 0.  0.  0.  1.]]\n",
      "Done\n",
      "Pre-affine [[ -0.          -0.           0.99990082 -98.19879913]\n",
      " [ -1.          -0.          -0.         148.36721802]\n",
      " [  0.          -1.           0.         104.62149048]\n",
      " [  0.           0.           0.           1.        ]]\n",
      "Transforming spacing of (192, 256, 256) from [0.99990082 1.         1.        ] to [1. 1. 1.]\n",
      "New shape: (192, 256, 256)\n",
      "Post-affine [[ -0.           0.           1.         -98.19879913]\n",
      " [ -1.          -0.          -0.         148.36721802]\n",
      " [  0.          -1.           0.         104.62149048]\n",
      " [  0.           0.           0.           1.        ]]\n",
      "Done\n",
      "Pre-affine [[   1.            0.            0.         -110.76399994]\n",
      " [   0.            1.            0.          -51.18299866]\n",
      " [   0.            0.            1.         -180.01800537]\n",
      " [   0.            0.            0.            1.        ]]\n",
      "Transforming spacing of (256, 256, 200) from [1. 1. 1.] to [1. 1. 1.]\n",
      "New shape: (256, 256, 200)\n",
      "Post-affine [[   1.            0.           -0.         -110.76399994]\n",
      " [   0.            1.           -0.          -51.18299866]\n",
      " [   0.            0.            1.         -180.01800537]\n",
      " [   0.            0.            0.            1.        ]]\n",
      "Done\n",
      "Pre-affine [[ 9.93777633e-01 -1.08419567e-01 -2.55200621e-02 -7.51249313e+01]\n",
      " [ 1.08300924e-01  9.94100094e-01 -5.99030033e-03 -1.13273109e+02]\n",
      " [ 2.60189623e-02  3.18918005e-03  9.99656379e-01 -1.48802399e+02]\n",
      " [ 0.00000000e+00  0.00000000e+00  0.00000000e+00  1.00000000e+00]]\n",
      "Transforming spacing of (240, 240, 180) from [1. 1. 1.] to [1. 1. 1.]\n",
      "New shape: (240, 240, 180)\n",
      "Post-affine [[ 9.93777633e-01 -1.08419567e-01 -2.55200621e-02 -7.51249313e+01]\n",
      " [ 1.08300924e-01  9.94100153e-01 -5.99030033e-03 -1.13273109e+02]\n",
      " [ 2.60189623e-02  3.18918005e-03  9.99656379e-01 -1.48802399e+02]\n",
      " [ 0.00000000e+00  0.00000000e+00  0.00000000e+00  1.00000000e+00]]\n",
      "Done\n",
      "Pre-affine [[   1.            0.            0.          -94.24698639]\n",
      " [   0.            1.            0.          -83.95977783]\n",
      " [   0.            0.            1.         -137.4987793 ]\n",
      " [   0.            0.            0.            1.        ]]\n",
      "Transforming spacing of (256, 256, 192) from [1. 1. 1.] to [1. 1. 1.]\n",
      "New shape: (256, 256, 192)\n",
      "Post-affine [[   1.            0.           -0.          -94.24698639]\n",
      " [   0.            1.           -0.          -83.95977783]\n",
      " [   0.            0.            1.         -137.4987793 ]\n",
      " [   0.            0.            0.            1.        ]]\n",
      "Done\n",
      "Pre-affine [[ -0.          -0.           0.99990082 -88.2811203 ]\n",
      " [ -1.          -0.          -0.         152.08634949]\n",
      " [  0.          -1.           0.         108.34061432]\n",
      " [  0.           0.           0.           1.        ]]\n",
      "Transforming spacing of (192, 256, 256) from [0.99990082 1.         1.        ] to [1. 1. 1.]\n",
      "New shape: (192, 256, 256)\n",
      "Post-affine [[ -0.           0.           1.         -88.2811203 ]\n",
      " [ -1.          -0.          -0.         152.08634949]\n",
      " [  0.          -1.           0.         108.34061432]\n",
      " [  0.           0.           0.           1.        ]]\n",
      "Done\n",
      "Pre-affine [[   1.            0.            0.          -92.48040009]\n",
      " [   0.            1.            0.          -53.5269928 ]\n",
      " [   0.            0.            1.         -162.6723938 ]\n",
      " [   0.            0.            0.            1.        ]]\n",
      "Transforming spacing of (256, 256, 200) from [1. 1. 1.] to [1. 1. 1.]\n",
      "New shape: (256, 256, 200)\n",
      "Post-affine [[   1.            0.           -0.          -92.48040009]\n",
      " [   0.            1.           -0.          -53.5269928 ]\n",
      " [   0.            0.            1.         -162.6723938 ]\n",
      " [   0.            0.            0.            1.        ]]\n",
      "Done\n",
      "Pre-affine [[ 9.98740375e-01 -2.62736771e-02  4.27561849e-02 -1.34881653e+02]\n",
      " [ 3.50960121e-02  9.74608958e-01 -2.20891923e-01 -3.83771362e+01]\n",
      " [-3.58589105e-02  2.22101152e-01  9.74360645e-01 -1.71614441e+02]\n",
      " [ 0.00000000e+00  0.00000000e+00  0.00000000e+00  1.00000000e+00]]\n",
      "Transforming spacing of (256, 196, 256) from [1.         0.99994093 1.        ] to [1. 1. 1.]\n",
      "New shape: (256, 196, 256)\n",
      "Post-affine [[ 9.98740196e-01 -2.62752287e-02  4.27509919e-02 -1.34881653e+02]\n",
      " [ 3.50971594e-02  9.74666536e-01 -2.20892116e-01 -3.83771362e+01]\n",
      " [-3.58639732e-02  2.22114265e-01  9.74360824e-01 -1.71614441e+02]\n",
      " [ 0.00000000e+00  0.00000000e+00  0.00000000e+00  1.00000000e+00]]\n",
      "Done\n",
      "Pre-affine [[   1.            0.            0.          -94.24698639]\n",
      " [   0.            1.            0.         -118.33731079]\n",
      " [   0.            0.            1.         -133.65960693]\n",
      " [   0.            0.            0.            1.        ]]\n",
      "Transforming spacing of (256, 256, 192) from [1. 1. 1.] to [1. 1. 1.]\n",
      "New shape: (256, 256, 192)\n",
      "Post-affine [[   1.            0.           -0.          -94.24698639]\n",
      " [   0.            1.           -0.         -118.33731079]\n",
      " [   0.            0.            1.         -133.65960693]\n",
      " [   0.            0.            0.            1.        ]]\n",
      "Done\n",
      "Pre-affine [[ 1.32692015e+00 -6.80152699e-02  0.00000000e+00 -1.44084000e+02]\n",
      " [ 9.04603153e-02  9.97684300e-01  0.00000000e+00 -1.39118484e+02]\n",
      " [ 0.00000000e+00  0.00000000e+00  1.00000000e+00 -1.43084045e+02]\n",
      " [ 0.00000000e+00  0.00000000e+00  0.00000000e+00  1.00000000e+00]]\n",
      "Transforming spacing of (256, 256, 224) from [1.         1.         1.33000004] to [1. 1. 1.]\n",
      "New shape: (256, 256, 298)\n",
      "Post-affine [[ 9.97684300e-01 -6.80152699e-02  0.00000000e+00 -1.44084000e+02]\n",
      " [ 6.80152699e-02  9.97684300e-01 -0.00000000e+00 -1.39118484e+02]\n",
      " [ 0.00000000e+00  0.00000000e+00  1.00000000e+00 -1.43084045e+02]\n",
      " [ 0.00000000e+00  0.00000000e+00  0.00000000e+00  1.00000000e+00]]\n",
      "Done\n",
      "Pre-affine [[   1.            0.            0.          -94.24698639]\n",
      " [   0.            1.            0.         -108.61811829]\n",
      " [   0.            0.            1.         -154.71060181]\n",
      " [   0.            0.            0.            1.        ]]\n",
      "Transforming spacing of (256, 256, 192) from [1. 1. 1.] to [1. 1. 1.]\n",
      "New shape: (256, 256, 192)\n",
      "Post-affine [[   1.            0.           -0.          -94.24698639]\n",
      " [   0.            1.           -0.         -108.61811829]\n",
      " [   0.            0.            1.         -154.71060181]\n",
      " [   0.            0.            0.            1.        ]]\n",
      "Done\n",
      "Pre-affine [[ 9.99214411e-01 -1.55558633e-02 -3.64509225e-02 -8.18287659e+01]\n",
      " [ 1.41318608e-02  9.99139130e-01 -3.90035100e-02 -1.02746201e+02]\n",
      " [ 3.70262787e-02  3.84577475e-02  9.98574018e-01 -1.38476349e+02]\n",
      " [ 0.00000000e+00  0.00000000e+00  0.00000000e+00  1.00000000e+00]]\n",
      "Transforming spacing of (240, 240, 180) from [1. 1. 1.] to [1. 1. 1.]\n",
      "New shape: (240, 240, 180)\n",
      "Post-affine [[ 9.99214351e-01 -1.55558633e-02 -3.64509225e-02 -8.18287659e+01]\n",
      " [ 1.41318608e-02  9.99139130e-01 -3.90035100e-02 -1.02746201e+02]\n",
      " [ 3.70262787e-02  3.84577475e-02  9.98574018e-01 -1.38476349e+02]\n",
      " [ 0.00000000e+00  0.00000000e+00  0.00000000e+00  1.00000000e+00]]\n",
      "Done\n",
      "Pre-affine [[ -0.          -0.           0.99990082 -94.47966766]\n",
      " [ -1.          -0.          -0.         155.18562317]\n",
      " [  0.          -1.           0.          97.80308533]\n",
      " [  0.           0.           0.           1.        ]]\n",
      "Transforming spacing of (192, 256, 256) from [0.99990082 1.         1.        ] to [1. 1. 1.]\n",
      "New shape: (192, 256, 256)\n",
      "Post-affine [[ -0.           0.           1.         -94.47966766]\n",
      " [ -1.          -0.          -0.         155.18562317]\n",
      " [  0.          -1.           0.          97.80308533]\n",
      " [  0.           0.           0.           1.        ]]\n",
      "Done\n",
      "Pre-affine [[ -0.          -0.           0.99990082 -94.47966766]\n",
      " [ -1.          -0.          -0.         152.70620728]\n",
      " [  0.          -1.           0.         106.48104858]\n",
      " [  0.           0.           0.           1.        ]]\n",
      "Transforming spacing of (192, 256, 256) from [0.99990082 1.         1.        ] to [1. 1. 1.]\n",
      "New shape: (192, 256, 256)\n",
      "Post-affine [[ -0.           0.           1.         -94.47966766]\n",
      " [ -1.          -0.          -0.         152.70620728]\n",
