{
 "cells": [
  {
   "cell_type": "markdown",
   "metadata": {},
   "source": [
    "# Pré-processamento para interpolação de voxel\n",
    "* Todos os conjuntos de dados foram pré-processados para obter o tamanho de voxel isométricos de (1x1x1). Isso foi feito usando a biblioteca SimpleITK, pois esta permite mudar o tamanho do voxel em precisar manupular manualmente a affine dos volumes. Essa biblioteca tem algumas funções que faz isso automaticamente, garantindo a compatibilidade dos dados para o treinamento. As imagens e as segmentações passaram por esse pré-processamento. Alguns volumes dos conjuntos de dados do CC359 já tem os voxels isométricos e um desses foi usado como referência para aplicar nos outros. "
   ]
  },
  {
   "cell_type": "code",
   "execution_count": 1,
   "metadata": {},
   "outputs": [],
   "source": [
    "from scipy.ndimage import zoom\n",
    "import SimpleITK as sitk\n",
    "import nibabel as nib\n",
    "import subprocess\n",
    "import numpy as np\n",
    "import glob\n",
    "import os\n",
    "\n",
    "def save_nii_zoom(input_paths: str, ref_path: str):\n",
    "    '''\n",
    "    Documentação\n",
    "    '''\n",
    "    for input_path in input_paths:\n",
    "        T1_file = 'brain_T1w.nii.gz'\n",
    "        sitk_T1 = sitk.ReadImage(os.path.join(input_path, T1_file))\n",
    "        origin = sitk_T1.GetOrigin()\n",
    "        spacing = sitk_T1.GetSpacing()\n",
    "        directions = sitk_T1.GetDirection()\n",
    "\n",
    "        mask_T1_file = 'brainmask_T1w.nii.gz'\n",
    "        sitk_mask_T1 = sitk.ReadImage(os.path.join(input_path, mask_T1_file))\n",
    "\n",
    "        pre_affine = nib.load(os.path.join(input_path, T1_file)).affine\n",
    "        print(f\"Pre-affine {pre_affine}\")  \n",
    "\n",
    "        T1_array = sitk.GetArrayFromImage(sitk_T1)\n",
    "        mask_T1_array = sitk.GetArrayFromImage(sitk_mask_T1)\n",
    "\n",
    "        input_spacing = np.array(spacing[::-1])  # 1, 1, 2 -> 2, 1, 1\n",
    "        target_spacing = np.array(sitk.ReadImage(ref_path).GetSpacing())[::-1]\n",
    "        print(f\"Transforming spacing of {T1_array.shape} from {input_spacing} to {target_spacing}\")\n",
    "\n",
    "        T1_iso_array = zoom(T1_array, input_spacing/target_spacing)\n",
    "        mask_T1_iso_array = zoom(mask_T1_array, input_spacing/target_spacing, order=0)\n",
    "        print(f\"New shape: {T1_iso_array.shape}\")\n",
    "\n",
    "        iso_T1 = sitk.GetImageFromArray(T1_iso_array)\n",
    "        iso_T1.SetSpacing(target_spacing[::-1])\n",
    "        iso_T1.SetOrigin(origin)\n",
    "        iso_T1.SetDirection(directions)\n",
    "        iso_mask_T1 = sitk.GetImageFromArray(mask_T1_iso_array)\n",
    "        iso_mask_T1.SetSpacing(target_spacing[::-1])\n",
    "        iso_mask_T1.SetOrigin(origin)\n",
    "        iso_mask_T1.SetDirection(directions)\n",
    "\n",
    "\n",
    "\n",
    "        T1_out_name = \"iso_brain_T1w.nii.gz\"\n",
    "        mask_T1_out_name = \"iso_brainmask_T1w.nii.gz\"\n",
    "\n",
    "        sitk.WriteImage(iso_T1, os.path.join(input_path, T1_out_name))\n",
    "        sitk.WriteImage(iso_mask_T1, os.path.join(input_path, mask_T1_out_name))\n",
    "        post_affine = nib.load(os.path.join(input_path, T1_out_name)).affine\n",
    "        print(f\"Post-affine {post_affine}\")\n",
    "\n",
    "        print(\"Done\")\n",
    "\n",
    "    return iso_T1, iso_mask_T1"
   ]
  },
  {
   "cell_type": "code",
   "execution_count": 3,
   "metadata": {},
   "outputs": [
    {
     "name": "stdout",
     "output_type": "stream",
     "text": [
      "Pre-affine [[ 9.99160826e-01 -2.69156182e-03  3.62634324e-02 -7.33831024e+01]\n",
      " [ 2.75593041e-03  8.88865411e-01  5.97652514e-03 -1.22508713e+02]\n",
      " [-4.08155620e-02 -5.87158231e-03  8.88128757e-01 -1.26126587e+02]\n",
      " [ 0.00000000e+00  0.00000000e+00  0.00000000e+00  1.00000000e+00]]\n",
      "Transforming spacing of (288, 288, 150) from [0.8888889  0.8888889  0.99999797] to [1. 1. 1.]\n",
      "New shape: (256, 256, 150)\n",
      "Post-affine [[ 9.99162912e-01 -3.02800699e-03  4.07963619e-02 -7.33831024e+01]\n",
      " [ 2.75593600e-03  9.99973595e-01  6.72359066e-03 -1.22508713e+02]\n",
      " [-4.08156440e-02 -6.60553016e-03  9.99144852e-01 -1.26126587e+02]\n",
      " [ 0.00000000e+00  0.00000000e+00  0.00000000e+00  1.00000000e+00]]\n",
      "Done\n",
      "Pre-affine [[ 9.99643505e-01 -2.65690163e-02  2.73752026e-03 -1.25807167e+02]\n",
      " [ 2.65813135e-02  9.99981284e-01 -8.38861056e-03 -1.06818146e+02]\n",
      " [-2.51368107e-03  8.46151635e-03  9.99961138e-01 -1.42651108e+02]\n",
      " [ 0.00000000e+00  0.00000000e+00  0.00000000e+00  1.00000000e+00]]\n",
      "Transforming spacing of (256, 196, 256) from [1.         1.00036991 1.        ] to [1. 1. 1.]\n",
      "New shape: (256, 196, 256)\n",
      "Post-affine [[ 9.99643505e-01 -2.65591927e-02  2.73752958e-03 -1.25807167e+02]\n",
      " [ 2.65813135e-02  9.99611497e-01 -8.38861056e-03 -1.06818146e+02]\n",
      " [-2.51367129e-03  8.45838711e-03  9.99961078e-01 -1.42651108e+02]\n",
      " [ 0.00000000e+00  0.00000000e+00  0.00000000e+00  1.00000000e+00]]\n",
      "Done\n",
      "Pre-affine [[ 9.92498457e-01  1.16044283e-01 -3.84767205e-02 -1.01291626e+02]\n",
      " [-1.17289335e-01  9.92586911e-01 -3.18490900e-02 -9.49314728e+01]\n",
      " [ 3.44955847e-02  3.61230783e-02  9.98751819e-01 -1.42896408e+02]\n",
      " [ 0.00000000e+00  0.00000000e+00  0.00000000e+00  1.00000000e+00]]\n",
      "Transforming spacing of (240, 240, 180) from [1. 1. 1.] to [1. 1. 1.]\n",
      "New shape: (240, 240, 180)\n",
      "Post-affine [[ 9.92498517e-01  1.16044283e-01 -3.84767205e-02 -1.01291626e+02]\n",
      " [-1.17289335e-01  9.92586970e-01 -3.18490863e-02 -9.49314728e+01]\n",
      " [ 3.44955847e-02  3.61230820e-02  9.98751819e-01 -1.42896408e+02]\n",
      " [ 0.00000000e+00  0.00000000e+00  0.00000000e+00  1.00000000e+00]]\n",
      "Done\n",
      "Pre-affine [[ 9.99809325e-01  1.04896324e-02  1.37684587e-02 -9.61198730e+01]\n",
      " [-1.38533339e-02  8.80060196e-01  1.24361977e-01 -1.32497726e+02]\n",
      " [-1.36846323e-02 -1.24529138e-01  8.80038619e-01 -8.58969269e+01]\n",
      " [ 0.00000000e+00  0.00000000e+00  0.00000000e+00  1.00000000e+00]]\n",
      "Transforming spacing of (288, 288, 179) from [0.8888889  0.8888889  0.99999893] to [1. 1. 1.]\n",
      "New shape: (256, 256, 179)\n",
      "Post-affine [[ 9.99810398e-01  1.18008358e-02  1.54895158e-02 -9.61198730e+01]\n",
      " [-1.38533488e-02  9.90067720e-01  1.39907226e-01 -1.32497726e+02]\n",
      " [-1.36846472e-02 -1.40095279e-01  9.90043461e-01 -8.58969269e+01]\n",
      " [ 0.00000000e+00  0.00000000e+00  0.00000000e+00  1.00000000e+00]]\n",
      "Done\n",
      "Pre-affine [[ -0.          -0.           0.99990082 -93.85980988]\n",
      " [ -1.          -0.          -0.         154.56576538]\n",
      " [  0.          -1.           0.         102.76192474]\n",
      " [  0.           0.           0.           1.        ]]\n",
      "Transforming spacing of (192, 256, 256) from [0.99990082 1.         1.        ] to [1. 1. 1.]\n",
      "New shape: (192, 256, 256)\n",
      "Post-affine [[ -0.           0.           1.         -93.85980988]\n",
      " [ -1.          -0.          -0.         154.56576538]\n",
      " [  0.          -1.           0.         102.76192474]\n",
      " [  0.           0.           0.           1.        ]]\n",
      "Done\n",
      "Pre-affine [[ 9.98364925e-01 -5.24623916e-02 -2.26989854e-02 -8.19273758e+01]\n",
      " [ 4.84204218e-02  9.87198472e-01 -1.51969180e-01 -9.60234299e+01]\n",
      " [ 3.03810704e-02  1.50621593e-01  9.88124549e-01 -1.49217194e+02]\n",
      " [ 0.00000000e+00  0.00000000e+00  0.00000000e+00  1.00000000e+00]]\n",
      "Transforming spacing of (240, 240, 180) from [1. 1. 1.] to [1. 1. 1.]\n",
      "New shape: (240, 240, 180)\n",
      "Post-affine [[ 9.98364925e-01 -5.24623916e-02 -2.26989836e-02 -8.19273758e+01]\n",
      " [ 4.84204218e-02  9.87198472e-01 -1.51969180e-01 -9.60234299e+01]\n",
      " [ 3.03810686e-02  1.50621593e-01  9.88124549e-01 -1.49217194e+02]\n",
      " [ 0.00000000e+00  0.00000000e+00  0.00000000e+00  1.00000000e+00]]\n",
      "Done\n",
      "Pre-affine [[   1.            0.            0.          -99.98120117]\n",
      " [   0.            1.            0.          -49.30799866]\n",
      " [   0.            0.            1.         -168.14169312]\n",
      " [   0.            0.            0.            1.        ]]\n",
      "Transforming spacing of (256, 256, 200) from [1. 1. 1.] to [1. 1. 1.]\n",
      "New shape: (256, 256, 200)\n",
      "Post-affine [[   1.            0.           -0.          -99.98120117]\n",
      " [   0.            1.           -0.          -49.30799866]\n",
      " [   0.            0.            1.         -168.14169312]\n",
      " [   0.            0.            0.            1.        ]]\n",
      "Done\n",
      "Pre-affine [[ -0.          -0.           0.99990082 -98.19879913]\n",
      " [ -1.          -0.          -0.         148.98707581]\n",
      " [  0.          -1.           0.         124.45684052]\n",
      " [  0.           0.           0.           1.        ]]\n",
      "Transforming spacing of (192, 256, 256) from [0.99990082 1.         1.        ] to [1. 1. 1.]\n",
      "New shape: (192, 256, 256)\n",
      "Post-affine [[ -0.           0.           1.         -98.19879913]\n",
      " [ -1.          -0.          -0.         148.98707581]\n",
      " [  0.          -1.           0.         124.45684052]\n",
      " [  0.           0.           0.           1.        ]]\n",
      "Done\n",
      "Pre-affine [[ 9.98127043e-01 -3.63035649e-02  4.92383130e-02 -9.16405258e+01]\n",
      " [ 4.30803299e-02  9.88579154e-01 -1.44413918e-01 -9.71704636e+01]\n",
      " [-4.34332304e-02  1.46264642e-01  9.88291562e-01 -1.53033188e+02]\n",
      " [ 0.00000000e+00  0.00000000e+00  0.00000000e+00  1.00000000e+00]]\n",
      "Transforming spacing of (240, 240, 180) from [1. 1. 1.] to [1. 1. 1.]\n",
      "New shape: (240, 240, 180)\n",
      "Post-affine [[ 9.98127103e-01 -3.63035649e-02  4.92383167e-02 -9.16405258e+01]\n",
      " [ 4.30803299e-02  9.88579154e-01 -1.44413918e-01 -9.71704636e+01]\n",
      " [-4.34332304e-02  1.46264642e-01  9.88291562e-01 -1.53033188e+02]\n",
      " [ 0.00000000e+00  0.00000000e+00  0.00000000e+00  1.00000000e+00]]\n",
      "Done\n",
      "Pre-affine [[ -0.          -0.           0.99990082 -98.19879913]\n",
      " [ -1.          -0.          -0.         158.28489685]\n",
      " [  0.          -1.           0.         103.3817749 ]\n",
      " [  0.           0.           0.           1.        ]]\n",
      "Transforming spacing of (192, 256, 256) from [0.99990082 1.         1.        ] to [1. 1. 1.]\n",
      "New shape: (192, 256, 256)\n",
      "Post-affine [[ -0.           0.           1.         -98.19879913]\n",
      " [ -1.          -0.          -0.         158.28489685]\n",
      " [  0.          -1.           0.         103.3817749 ]\n",
      " [  0.           0.           0.           1.        ]]\n",
      "Done\n",
      "Pre-affine [[ 9.95860934e-01  9.02043507e-02  1.11699039e-02 -1.46517838e+02]\n",
      " [-9.08545926e-02  9.91384566e-01  9.44561362e-02 -7.81596985e+01]\n",
      " [-2.53304979e-03 -9.50809866e-02  9.95466352e-01 -1.61818695e+02]\n",
      " [ 0.00000000e+00  0.00000000e+00  0.00000000e+00  1.00000000e+00]]\n",
      "Transforming spacing of (256, 196, 256) from [1.         1.00001025 1.        ] to [1. 1. 1.]\n",
      "New shape: (256, 196, 256)\n",
      "Post-affine [[ 9.95860815e-01  9.02034193e-02  1.11597804e-02 -1.46517838e+02]\n",
      " [-9.08555537e-02  9.91374373e-01  9.44570601e-02 -7.81596985e+01]\n",
      " [-2.54317001e-03 -9.50800180e-02  9.95466352e-01 -1.61818695e+02]\n",
      " [ 0.00000000e+00  0.00000000e+00  0.00000000e+00  1.00000000e+00]]\n",
      "Done\n",
      "Pre-affine [[ -0.          -0.           0.99990082 -88.2811203 ]\n",
      " [ -1.          -0.          -0.         157.66503906]\n",
      " [  0.          -1.           0.         113.91931152]\n",
      " [  0.           0.           0.           1.        ]]\n",
      "Transforming spacing of (192, 256, 256) from [0.99990082 1.         1.        ] to [1. 1. 1.]\n",
      "New shape: (192, 256, 256)\n",
      "Post-affine [[ -0.           0.           1.         -88.2811203 ]\n",
      " [ -1.          -0.          -0.         157.66503906]\n",
      " [  0.          -1.           0.         113.91931152]\n",
      " [  0.           0.           0.           1.        ]]\n",
      "Done\n",
      "Pre-affine [[   1.            0.            0.          -99.51239777]\n",
      " [   0.            1.            0.          -68.52900696]\n",
      " [   0.            0.            1.         -123.76199341]\n",
      " [   0.            0.            0.            1.        ]]\n",
      "Transforming spacing of (256, 256, 200) from [1. 1. 1.] to [1. 1. 1.]\n",
      "New shape: (256, 256, 200)\n",
      "Post-affine [[   1.            0.           -0.          -99.51239777]\n",
      " [   0.            1.           -0.          -68.52900696]\n",
      " [   0.            0.            1.         -123.76199341]\n",
      " [   0.            0.            0.            1.        ]]\n",
      "Done\n",
      "Pre-affine [[   1.            0.            0.         -101.69999695]\n",
      " [   0.            1.            0.          -57.39500427]\n",
      " [   0.            0.            1.         -103.60400391]\n",
      " [   0.            0.            0.            1.        ]]\n",
      "Transforming spacing of (256, 256, 200) from [1. 1. 1.] to [1. 1. 1.]\n",
      "New shape: (256, 256, 200)\n",
      "Post-affine [[   1.            0.           -0.         -101.69999695]\n",
      " [   0.            1.           -0.          -57.39500427]\n",
      " [   0.            0.            1.         -103.60400391]\n",
      " [   0.            0.            0.            1.        ]]\n",
      "Done\n",
      "Pre-affine [[ 9.98931527e-01 -4.08345573e-02 -1.78160204e-03 -6.75904388e+01]\n",
      " [ 4.59218062e-02  8.87925029e-01 -6.80395449e-03 -1.12365158e+02]\n",
      " [ 2.35374062e-03  6.71494240e-03  8.88861060e-01 -1.27355682e+02]\n",
      " [ 0.00000000e+00  0.00000000e+00  0.00000000e+00  1.00000000e+00]]\n",
      "Transforming spacing of (288, 288, 150) from [0.8888889  0.8888889  0.99998927] to [1. 1. 1.]\n",
      "New shape: (256, 256, 150)\n",
      "Post-affine [[ 9.98942256e-01 -4.59388793e-02 -2.00430211e-03 -6.75904388e+01]\n",
      " [ 4.59223017e-02  9.98915672e-01 -7.65444897e-03 -1.12365158e+02]\n",
      " [ 2.35376577e-03  7.55431037e-03  9.99968708e-01 -1.27355682e+02]\n",
      " [ 0.00000000e+00  0.00000000e+00  0.00000000e+00  1.00000000e+00]]\n",
      "Done\n",
      "Pre-affine [[ 9.97448623e-01 -7.13766366e-02  1.22076005e-03 -1.29774689e+02]\n",
      " [ 7.13835806e-02  9.97073352e-01 -2.71003991e-02 -7.04737091e+01]\n",
      " [ 7.32430723e-04  2.71181986e-02  9.99632001e-01 -1.59437744e+02]\n",
      " [ 0.00000000e+00  0.00000000e+00  0.00000000e+00  1.00000000e+00]]\n",
      "Transforming spacing of (256, 196, 256) from [1.         0.99999267 1.        ] to [1. 1. 1.]\n",
      "New shape: (256, 196, 256)\n",
      "Post-affine [[ 9.97448683e-01 -7.13771582e-02  1.21313788e-03 -1.29774689e+02]\n",
      " [ 7.13837892e-02  9.97080684e-01 -2.71009430e-02 -7.04737091e+01]\n",
      " [ 7.24791898e-04  2.71183960e-02  9.99632001e-01 -1.59437744e+02]\n",
      " [ 0.00000000e+00  0.00000000e+00  0.00000000e+00  1.00000000e+00]]\n",
      "Done\n",
      "Pre-affine [[   1.            0.            0.          -94.24698639]\n",
      " [   0.            1.            0.         -106.78474426]\n",
      " [   0.            0.            1.         -148.38473511]\n",
      " [   0.            0.            0.            1.        ]]\n",
      "Transforming spacing of (256, 256, 192) from [1. 1. 1.] to [1. 1. 1.]\n",
      "New shape: (256, 256, 192)\n",
      "Post-affine [[   1.            0.           -0.          -94.24698639]\n",
      " [   0.            1.           -0.         -106.78474426]\n",
      " [   0.            0.            1.         -148.38473511]\n",
      " [   0.            0.            0.            1.        ]]\n",
      "Done\n",
      "Pre-affine [[ 9.99641597e-01 -2.67713144e-02  0.00000000e+00 -1.26150597e+02]\n",
      " [ 2.66733896e-02  9.95999753e-01 -8.52374732e-02 -6.45663605e+01]\n",
      " [ 2.28889915e-03  8.52065980e-02  9.96360660e-01 -1.63890625e+02]\n",
      " [ 0.00000000e+00  0.00000000e+00  0.00000000e+00  1.00000000e+00]]\n",
      "Transforming spacing of (256, 186, 256) from [1.         0.99999619 1.        ] to [1. 1. 1.]\n",
      "New shape: (256, 186, 256)\n",
      "Post-affine [[ 9.99641538e-01 -2.67714169e-02 -3.49699030e-06 -1.26150597e+02]\n",
      " [ 2.66736895e-02  9.96003509e-01 -8.52375627e-02 -6.45663605e+01]\n",
      " [ 2.28541344e-03  8.52069259e-02  9.96360660e-01 -1.63890625e+02]\n",
      " [ 0.00000000e+00  0.00000000e+00  0.00000000e+00  1.00000000e+00]]\n",
      "Done\n",
      "Pre-affine [[ 9.99642015e-01 -2.67544035e-02  0.00000000e+00 -1.24845711e+02]\n",
      " [ 2.67038997e-02  9.97710705e-01  6.19527064e-02 -8.08745422e+01]\n",
      " [-1.64798996e-03 -6.19298406e-02  9.98079121e-01 -1.26860931e+02]\n",
      " [ 0.00000000e+00  0.00000000e+00  0.00000000e+00  1.00000000e+00]]\n",
      "Transforming spacing of (256, 196, 256) from [1.         0.99998885 1.        ] to [1. 1. 1.]\n",
      "New shape: (256, 196, 256)\n",
      "Post-affine [[ 9.99642015e-01 -2.67547015e-02 -4.77556068e-06 -1.24845711e+02]\n",
      " [ 2.67036036e-02  9.97721791e-01  6.19525798e-02 -8.08745422e+01]\n",
      " [-1.65275810e-03 -6.19305298e-02  9.98079062e-01 -1.26860931e+02]\n",
      " [ 0.00000000e+00  0.00000000e+00  0.00000000e+00  1.00000000e+00]]\n",
      "Done\n",
      "Pre-affine [[ 9.99938905e-01  3.47864581e-03 -9.83206369e-03 -7.08831635e+01]\n",
      " [-4.00217995e-03  8.88853312e-01 -7.11629726e-03 -1.23770294e+02]\n",
      " [ 1.10293832e-02  7.15515669e-03  8.88806045e-01 -1.24751221e+02]\n",
      " [ 0.00000000e+00  0.00000000e+00  0.00000000e+00  1.00000000e+00]]\n",
      "Transforming spacing of (288, 288, 150) from [0.8888889  0.8888889  1.00000775] to [1. 1. 1.]\n",
      "New shape: (256, 256, 150)\n",
      "Post-affine [[ 9.99931157e-01  3.91347706e-03 -1.10610714e-02 -7.08831635e+01]\n",
      " [-4.00214829e-03  9.99959946e-01 -8.00583418e-03 -1.23770294e+02]\n",
      " [ 1.10292975e-02  8.04955140e-03  9.99906778e-01 -1.24751221e+02]\n",
      " [ 0.00000000e+00  0.00000000e+00  0.00000000e+00  1.00000000e+00]]\n",
      "Done\n",
      "Pre-affine [[ -0.          -0.           0.99990082 -86.42155457]\n",
      " [ -1.          -0.          -0.         155.80548096]\n",
      " [  0.          -1.           0.         105.24134064]\n",
      " [  0.           0.           0.           1.        ]]\n",
      "Transforming spacing of (192, 256, 256) from [0.99990082 1.         1.        ] to [1. 1. 1.]\n",
      "New shape: (192, 256, 256)\n",
      "Post-affine [[ -0.           0.           1.         -86.42155457]\n",
      " [ -1.          -0.          -0.         155.80548096]\n",
      " [  0.          -1.           0.         105.24134064]\n",
      " [  0.           0.           0.           1.        ]]\n",
      "Done\n",
      "Pre-affine [[  -0.859375     0.           0.         109.5703125]\n",
      " [   0.           1.5          0.         -92.25     ]\n",
      " [   0.           0.           0.859375  -109.5703125]\n",
      " [   0.           0.           0.           1.       ]]\n",
      "Transforming spacing of (256, 124, 256) from [0.859375 1.5      0.859375] to [1. 1. 1.]\n",
      "New shape: (220, 186, 220)\n",
      "Post-affine [[-1.  0.  0. -0.]\n",
      " [ 0. -1.  0. -0.]\n",
      " [ 0.  0.  1.  0.]\n",
      " [ 0.  0.  0.  1.]]\n",
      "Done\n",
      "Pre-affine [[ -0.          -0.           0.99990082 -93.23995972]\n",
      " [ -1.          -0.          -0.         142.16867065]\n",
      " [  0.          -1.           0.         118.25829315]\n",
      " [  0.           0.           0.           1.        ]]\n",
      "Transforming spacing of (192, 256, 256) from [0.99990082 1.         1.        ] to [1. 1. 1.]\n",
      "New shape: (192, 256, 256)\n",
      "Post-affine [[ -0.           0.           1.         -93.23995972]\n",
      " [ -1.          -0.          -0.         142.16867065]\n",
      " [  0.          -1.           0.         118.25829315]\n",
      " [  0.           0.           0.           1.        ]]\n",
      "Done\n",
      "Pre-affine [[   1.            0.            0.          -94.24698639]\n",
      " [   0.            1.            0.         -109.45782471]\n",
      " [   0.            0.            1.         -127.        ]\n",
      " [   0.            0.            0.            1.        ]]\n",
      "Transforming spacing of (256, 256, 192) from [1. 1. 1.] to [1. 1. 1.]\n",
      "New shape: (256, 256, 192)\n",
      "Post-affine [[   1.            0.           -0.          -94.24698639]\n",
      " [   0.            1.           -0.         -109.45782471]\n",
      " [   0.            0.            1.         -127.        ]\n",
      " [   0.            0.            0.            1.        ]]\n",
      "Done\n",
      "Pre-affine [[ -0.          -0.           0.99990082 -87.04141235]\n",
      " [ -1.          -0.          -0.         155.18562317]\n",
      " [  0.          -1.           0.         108.34061432]\n",
      " [  0.           0.           0.           1.        ]]\n",
      "Transforming spacing of (192, 256, 256) from [0.99990082 1.         1.        ] to [1. 1. 1.]\n",
      "New shape: (192, 256, 256)\n",
      "Post-affine [[ -0.           0.           1.         -87.04141235]\n",
      " [ -1.          -0.          -0.         155.18562317]\n",
      " [  0.          -1.           0.         108.34061432]\n",
      " [  0.           0.           0.           1.        ]]\n",
      "Done\n",
      "Pre-affine [[ 9.95880604e-01  9.06326249e-02  0.00000000e+00 -1.05363571e+02]\n",
      " [-9.06322822e-02  9.95884418e-01  0.00000000e+00 -9.58942719e+01]\n",
      " [ 0.00000000e+00  0.00000000e+00  1.00000000e+00 -1.20734940e+02]\n",
      " [ 0.00000000e+00  0.00000000e+00  0.00000000e+00  1.00000000e+00]]\n",
      "Transforming spacing of (256, 256, 192) from [1.         1.         0.99999619] to [1. 1. 1.]\n",
      "New shape: (256, 256, 192)\n",
      "Post-affine [[ 9.95884418e-01  9.06326175e-02 -0.00000000e+00 -1.05363571e+02]\n",
      " [-9.06326175e-02  9.95884418e-01  0.00000000e+00 -9.58942719e+01]\n",
      " [ 0.00000000e+00  0.00000000e+00  1.00000000e+00 -1.20734940e+02]\n",
      " [ 0.00000000e+00  0.00000000e+00  0.00000000e+00  1.00000000e+00]]\n",
      "Done\n",
      "Pre-affine [[ 1.32443213e+00 -7.49787241e-02  5.21886200e-02 -1.44885849e+02]\n",
      " [ 9.95845497e-02  9.97185111e-01  3.92407784e-03 -1.38087540e+02]\n",
      " [-6.96064532e-02  3.81016818e-09  9.98629510e-01 -1.35626205e+02]\n",
      " [ 0.00000000e+00  0.00000000e+00  0.00000000e+00  1.00000000e+00]]\n",
      "Transforming spacing of (256, 256, 224) from [1.         1.         1.32999349] to [1. 1. 1.]\n",
      "New shape: (256, 256, 298)\n",
      "Post-affine [[ 9.95818496e-01 -7.49787241e-02  5.21886200e-02 -1.44885849e+02]\n",
      " [ 7.48759657e-02  9.97185111e-01  3.92407784e-03 -1.38087540e+02]\n",
      " [-5.23359366e-02  3.80085918e-09  9.98629570e-01 -1.35626205e+02]\n",
      " [ 0.00000000e+00  0.00000000e+00  0.00000000e+00  1.00000000e+00]]\n",
      "Done\n",
      "Pre-affine [[ -0.          -0.           0.99990082 -96.95908356]\n",
      " [ -1.          -0.          -0.         154.56576538]\n",
      " [  0.          -1.           0.         124.45684052]\n",
      " [  0.           0.           0.           1.        ]]\n",
      "Transforming spacing of (192, 256, 256) from [0.99990082 1.         1.        ] to [1. 1. 1.]\n",
      "New shape: (192, 256, 256)\n",
      "Post-affine [[ -0.           0.           1.         -96.95908356]\n",
      " [ -1.          -0.          -0.         154.56576538]\n",
      " [  0.          -1.           0.         124.45684052]\n",
      " [  0.           0.           0.           1.        ]]\n",
      "Done\n",
      "Pre-affine [[   1.            0.            0.         -101.23100281]\n",
      " [   0.            1.            0.          -67.74699402]\n",
      " [   0.            0.            1.         -118.60499573]\n",
      " [   0.            0.            0.            1.        ]]\n",
      "Transforming spacing of (256, 256, 200) from [1. 1. 1.] to [1. 1. 1.]\n",
      "New shape: (256, 256, 200)\n",
      "Post-affine [[   1.            0.           -0.         -101.23100281]\n",
      " [   0.            1.           -0.          -67.74699402]\n",
      " [   0.            0.            1.         -118.60499573]\n",
      " [   0.            0.            0.            1.        ]]\n",
      "Done\n",
      "Pre-affine [[ 1.32911682e+00  0.00000000e+00  3.66436690e-02 -1.53626572e+02]\n",
      " [ 0.00000000e+00  1.00000000e+00  0.00000000e+00 -1.35318985e+02]\n",
      " [-4.87364493e-02  0.00000000e+00  9.99328375e-01 -1.60522217e+02]\n",
      " [ 0.00000000e+00  0.00000000e+00  0.00000000e+00  1.00000000e+00]]\n",
      "Transforming spacing of (256, 256, 224) from [1.         1.         1.33001006] to [1. 1. 1.]\n",
      "New shape: (256, 256, 298)\n",
      "Post-affine [[ 9.99328375e-01  0.00000000e+00  3.66436690e-02 -1.53626572e+02]\n",
      " [ 0.00000000e+00  1.00000000e+00  0.00000000e+00 -1.35318985e+02]\n",
      " [-3.66436690e-02  0.00000000e+00  9.99328375e-01 -1.60522217e+02]\n",
      " [ 0.00000000e+00  0.00000000e+00  0.00000000e+00  1.00000000e+00]]\n",
      "Done\n",
      "Pre-affine [[ -0.78125    0.         0.        99.609375]\n",
      " [  0.         1.5        0.       -92.25    ]\n",
      " [  0.         0.         0.78125  -99.609375]\n",
      " [  0.         0.         0.         1.      ]]\n",
      "Transforming spacing of (256, 124, 256) from [0.78125 1.5     0.78125] to [1. 1. 1.]\n",
      "New shape: (200, 186, 200)\n",
      "Post-affine [[-1.  0.  0. -0.]\n",
      " [ 0. -1.  0. -0.]\n",
      " [ 0.  0.  1.  0.]\n",
      " [ 0.  0.  0.  1.]]\n",
      "Done\n",
      "Pre-affine [[ -0.          -0.           0.99990082 -94.47966766]\n",
      " [ -1.          -0.          -0.         141.54882812]\n",
      " [  0.          -1.           0.         121.35756683]\n",
      " [  0.           0.           0.           1.        ]]\n",
      "Transforming spacing of (192, 256, 256) from [0.99990082 1.         1.        ] to [1. 1. 1.]\n",
      "New shape: (192, 256, 256)\n",
      "Post-affine [[ -0.           0.           1.         -94.47966766]\n",
      " [ -1.          -0.          -0.         141.54882812]\n",
      " [  0.          -1.           0.         121.35756683]\n",
      " [  0.           0.           0.           1.        ]]\n",
      "Done\n",
      "Pre-affine [[   1.            0.            0.          -95.76200104]\n",
      " [   0.            1.            0.          -69.46600342]\n",
      " [   0.            0.            1.         -169.70440674]\n",
      " [   0.            0.            0.            1.        ]]\n",
      "Transforming spacing of (256, 256, 200) from [1. 1. 1.] to [1. 1. 1.]\n",
      "New shape: (256, 256, 200)\n",
      "Post-affine [[   1.            0.           -0.          -95.76200104]\n",
      " [   0.            1.           -0.          -69.46600342]\n",
      " [   0.            0.            1.         -169.70440674]\n",
      " [   0.            0.            0.            1.        ]]\n",
      "Done\n",
      "Pre-affine [[ 1.32983387e+00 -1.57073662e-02  0.00000000e+00 -1.46386841e+02]\n",
      " [ 2.08907668e-02  9.99876618e-01  0.00000000e+00 -1.25466934e+02]\n",
      " [ 0.00000000e+00  0.00000000e+00  1.00000000e+00 -1.49730164e+02]\n",
      " [ 0.00000000e+00  0.00000000e+00  0.00000000e+00  1.00000000e+00]]\n",
      "Transforming spacing of (256, 256, 224) from [1.         1.         1.32999802] to [1. 1. 1.]\n",
      "New shape: (256, 256, 298)\n",
      "Post-affine [[ 9.99876618e-01 -1.57073662e-02  0.00000000e+00 -1.46386841e+02]\n",
      " [ 1.57073662e-02  9.99876618e-01 -0.00000000e+00 -1.25466934e+02]\n",
      " [ 0.00000000e+00  0.00000000e+00  1.00000000e+00 -1.49730164e+02]\n",
      " [ 0.00000000e+00  0.00000000e+00  0.00000000e+00  1.00000000e+00]]\n",
      "Done\n",
      "Pre-affine [[ -0.          -0.           0.99990082 -90.14068604]\n",
      " [ -1.          -0.          -0.         154.56576538]\n",
      " [  0.          -1.           0.         120.73770905]\n",
      " [  0.           0.           0.           1.        ]]\n",
      "Transforming spacing of (192, 256, 256) from [0.99990082 1.         1.        ] to [1. 1. 1.]\n",
      "New shape: (192, 256, 256)\n",
      "Post-affine [[ -0.           0.           1.         -90.14068604]\n",
      " [ -1.          -0.          -0.         154.56576538]\n",
      " [  0.          -1.           0.         120.73770905]\n",
      " [  0.           0.           0.           1.        ]]\n",
      "Done\n",
      "Pre-affine [[ -0.          -0.           0.99990082 -88.2811203 ]\n",
      " [ -1.          -0.          -0.         150.84664917]\n",
      " [  0.          -1.           0.         131.27523804]\n",
      " [  0.           0.           0.           1.        ]]\n",
      "Transforming spacing of (192, 256, 256) from [0.99990082 1.         1.        ] to [1. 1. 1.]\n",
      "New shape: (192, 256, 256)\n",
      "Post-affine [[ -0.           0.           1.         -88.2811203 ]\n",
      " [ -1.          -0.          -0.         150.84664917]\n",
      " [  0.          -1.           0.         131.27523804]\n",
      " [  0.           0.           0.           1.        ]]\n",
      "Done\n",
      "Pre-affine [[ 9.99607801e-01 -8.53138603e-03  2.66735125e-02 -1.33039764e+02]\n",
      " [ 8.24004784e-03  9.99892890e-01  1.10173058e-02 -6.94210281e+01]\n",
      " [-2.67647952e-02 -1.07930591e-02  9.99583483e-01 -1.21946754e+02]\n",
      " [ 0.00000000e+00  0.00000000e+00  0.00000000e+00  1.00000000e+00]]\n",
      "Transforming spacing of (256, 174, 256) from [1.         0.99998754 1.        ] to [1. 1. 1.]\n",
      "New shape: (256, 174, 256)\n",
      "Post-affine [[ 9.99607801e-01 -8.53149220e-03  2.66734194e-02 -1.33039764e+02]\n",
      " [ 8.24004691e-03  9.99905348e-01  1.10173048e-02 -6.94210281e+01]\n",
      " [-2.67648883e-02 -1.07931942e-02  9.99583483e-01 -1.21946754e+02]\n",
      " [ 0.00000000e+00  0.00000000e+00  0.00000000e+00  1.00000000e+00]]\n",
      "Done\n",
      "Pre-affine [[ 1.32991028e+00 -1.04719223e-02  5.23540890e-03 -1.49061157e+02]\n",
      " [ 1.39274811e-02  9.99945164e-01  5.48613680e-05 -1.35737885e+02]\n",
      " [-6.96348352e-03 -3.35685328e-08  9.99986291e-01 -1.43636627e+02]\n",
      " [ 0.00000000e+00  0.00000000e+00  0.00000000e+00  1.00000000e+00]]\n",
      "Transforming spacing of (256, 256, 224) from [1.         1.         1.33000147] to [1. 1. 1.]\n",
      "New shape: (256, 256, 298)\n",
      "Post-affine [[ 9.99931455e-01 -1.04719223e-02  5.23540890e-03 -1.49061157e+02]\n",
      " [ 1.04717789e-02  9.99945164e-01  5.48613680e-05 -1.35737885e+02]\n",
      " [-5.23569621e-03 -3.35657333e-08  9.99986291e-01 -1.43636627e+02]\n",
      " [ 0.00000000e+00  0.00000000e+00  0.00000000e+00  1.00000000e+00]]\n",
      "Done\n",
      "Pre-affine [[ 1.32910156e+00  0.00000000e+00  3.66436690e-02 -1.53133606e+02]\n",
      " [ 0.00000000e+00  1.00000000e+00  0.00000000e+00 -1.24268082e+02]\n",
      " [-4.87358905e-02  0.00000000e+00  9.99328375e-01 -1.52523468e+02]\n",
      " [ 0.00000000e+00  0.00000000e+00  0.00000000e+00  1.00000000e+00]]\n",
      "Transforming spacing of (256, 256, 224) from [1.        1.        1.3299948] to [1. 1. 1.]\n",
      "New shape: (256, 256, 298)\n",
      "Post-affine [[ 9.99328375e-01  0.00000000e+00  3.66436690e-02 -1.53133606e+02]\n",
      " [ 0.00000000e+00  1.00000000e+00  0.00000000e+00 -1.24268082e+02]\n",
      " [-3.66436690e-02  0.00000000e+00  9.99328375e-01 -1.52523468e+02]\n",
      " [ 0.00000000e+00  0.00000000e+00  0.00000000e+00  1.00000000e+00]]\n",
      "Done\n",
      "Pre-affine [[ 9.98018265e-01  2.33338890e-03  6.28814772e-02 -9.88059540e+01]\n",
      " [ 1.49205793e-02  9.62037325e-01 -2.72509784e-01 -7.62174377e+01]\n",
      " [-6.11301996e-02  2.72907972e-01  9.60096002e-01 -1.72567719e+02]\n",
      " [ 0.00000000e+00  0.00000000e+00  0.00000000e+00  1.00000000e+00]]\n",
      "Transforming spacing of (240, 240, 180) from [1. 1. 1.] to [1. 1. 1.]\n",
      "New shape: (240, 240, 180)\n",
      "Post-affine [[ 9.98018265e-01  2.33338890e-03  6.28814772e-02 -9.88059540e+01]\n",
      " [ 1.49205793e-02  9.62037325e-01 -2.72509784e-01 -7.62174377e+01]\n",
      " [-6.11301996e-02  2.72907972e-01  9.60096002e-01 -1.72567719e+02]\n",
      " [ 0.00000000e+00  0.00000000e+00  0.00000000e+00  1.00000000e+00]]\n",
      "Done\n",
      "Pre-affine [[   1.            0.            0.          -87.32360077]\n",
      " [   0.            1.            0.          -50.2460022 ]\n",
      " [   0.            0.            1.         -155.17160034]\n",
      " [   0.            0.            0.            1.        ]]\n",
      "Transforming spacing of (256, 256, 200) from [1. 1. 1.] to [1. 1. 1.]\n",
      "New shape: (256, 256, 200)\n",
      "Post-affine [[   1.            0.           -0.          -87.32360077]\n",
      " [   0.            1.           -0.          -50.2460022 ]\n",
      " [   0.            0.            1.         -155.17160034]\n",
      " [   0.            0.            0.            1.        ]]\n",
      "Done\n",
      "Pre-affine [[ 9.99814451e-01  1.63810831e-02 -9.46297031e-03 -9.04798126e+01]\n",
      " [-1.72928087e-02  9.79748964e-01 -6.63933679e-02 -9.42058792e+01]\n",
      " [ 8.48403573e-03  6.65446967e-02  9.79850471e-01 -1.41052307e+02]\n",
      " [ 0.00000000e+00  0.00000000e+00  0.00000000e+00  1.00000000e+00]]\n",
      "Transforming spacing of (224, 224, 180) from [0.98214287 0.98214287 1.        ] to [1. 1. 1.]\n",
      "New shape: (220, 220, 180)\n",
      "Post-affine [[ 9.99814510e-01  1.66789219e-02 -9.63502470e-03 -9.04798126e+01]\n",
      " [-1.72928087e-02  9.97562587e-01 -6.76005185e-02 -9.42058792e+01]\n",
      " [ 8.48403573e-03  6.77545965e-02  9.97665942e-01 -1.41052307e+02]\n",
      " [ 0.00000000e+00  0.00000000e+00  0.00000000e+00  1.00000000e+00]]\n",
      "Done\n",
      "Pre-affine [[  -0.859375     0.           0.         109.5703125]\n",
      " [   0.           1.5          0.         -92.25     ]\n",
      " [   0.           0.           0.859375  -109.5703125]\n",
      " [   0.           0.           0.           1.       ]]\n",
      "Transforming spacing of (256, 124, 256) from [0.859375 1.5      0.859375] to [1. 1. 1.]\n",
      "New shape: (220, 186, 220)\n",
      "Post-affine [[-1.  0.  0. -0.]\n",
      " [ 0. -1.  0. -0.]\n",
      " [ 0.  0.  1.  0.]\n",
      " [ 0.  0.  0.  1.]]\n",
      "Done\n",
      "Pre-affine [[ 9.99452949e-01  2.48423386e-02 -2.18347292e-02 -9.63270035e+01]\n",
      " [-2.31245141e-02  9.96863604e-01  7.56849423e-02 -1.20267075e+02]\n",
      " [ 2.36464385e-02 -7.51386210e-02  9.96892691e-01 -1.14649345e+02]\n",
      " [ 0.00000000e+00  0.00000000e+00  0.00000000e+00  1.00000000e+00]]\n",
      "Transforming spacing of (240, 240, 180) from [1. 1. 1.] to [1. 1. 1.]\n",
      "New shape: (240, 240, 180)\n",
      "Post-affine [[ 9.99452889e-01  2.48423368e-02 -2.18347292e-02 -9.63270035e+01]\n",
      " [-2.31245123e-02  9.96863604e-01  7.56849423e-02 -1.20267075e+02]\n",
      " [ 2.36464366e-02 -7.51386210e-02  9.96892691e-01 -1.14649345e+02]\n",
      " [ 0.00000000e+00  0.00000000e+00  0.00000000e+00  1.00000000e+00]]\n",
      "Done\n",
      "Pre-affine [[  -0.859375     0.           0.         109.5703125]\n",
      " [   0.           1.5          0.         -92.25     ]\n",
      " [   0.           0.           0.859375  -109.5703125]\n",
      " [   0.           0.           0.           1.       ]]\n",
      "Transforming spacing of (256, 124, 256) from [0.859375 1.5      0.859375] to [1. 1. 1.]\n",
      "New shape: (220, 186, 220)\n",
      "Post-affine [[-1.  0.  0. -0.]\n",
      " [ 0. -1.  0. -0.]\n",
      " [ 0.  0.  1.  0.]\n",
      " [ 0.  0.  0.  1.]]\n",
      "Done\n",
      "Pre-affine [[   1.            0.            0.          -91.98120117]\n",
      " [   0.            1.            0.          -60.44200134]\n",
      " [   0.            0.            1.         -140.4039917 ]\n",
      " [   0.            0.            0.            1.        ]]\n",
      "Transforming spacing of (256, 256, 184) from [1. 1. 1.] to [1. 1. 1.]\n",
      "New shape: (256, 256, 184)\n",
      "Post-affine [[   1.            0.           -0.          -91.98120117]\n",
      " [   0.            1.           -0.          -60.44200134]\n",
      " [   0.            0.            1.         -140.4039917 ]\n",
      " [   0.            0.            0.            1.        ]]\n",
      "Done\n",
      "Pre-affine [[   1.33000183    0.            0.         -155.18354797]\n",
      " [   0.            1.            0.         -109.10997009]\n",
      " [   0.            0.            1.         -176.83111572]\n",
      " [   0.            0.            0.            1.        ]]\n",
      "Transforming spacing of (256, 256, 224) from [1.         1.         1.33000183] to [1. 1. 1.]\n",
      "New shape: (256, 256, 298)\n",
      "Post-affine [[   1.            0.           -0.         -155.18354797]\n",
      " [   0.            1.           -0.         -109.10997009]\n",
      " [   0.            0.            1.         -176.83111572]\n",
      " [   0.            0.            0.            1.        ]]\n",
      "Done\n",
      "Pre-affine [[   1.            0.            0.          -99.98120117]\n",
      " [   0.            1.            0.          -62.43400574]\n",
      " [   0.            0.            1.         -150.17098999]\n",
      " [   0.            0.            0.            1.        ]]\n",
      "Transforming spacing of (256, 256, 200) from [1. 1. 1.] to [1. 1. 1.]\n",
      "New shape: (256, 256, 200)\n",
      "Post-affine [[   1.            0.           -0.          -99.98120117]\n",
      " [   0.            1.           -0.          -62.43400574]\n",
      " [   0.            0.            1.         -150.17098999]\n",
      " [   0.            0.            0.            1.        ]]\n",
      "Done\n",
      "Pre-affine [[ 9.99343336e-01 -3.22593935e-02  7.72950007e-04 -6.47611313e+01]\n",
      " [ 3.62977870e-02  8.88273716e-01 -7.22729089e-03 -1.12823730e+02]\n",
      " [-5.73890400e-04  7.25058326e-03  8.88859153e-01 -1.30321228e+02]\n",
      " [ 0.00000000e+00  0.00000000e+00  0.00000000e+00  1.00000000e+00]]\n",
      "Transforming spacing of (288, 288, 150) from [0.8888889 0.8888889 1.0000025] to [1. 1. 1.]\n",
      "New shape: (256, 256, 150)\n",
      "Post-affine [[ 9.99340892e-01 -3.62918191e-02  8.69568787e-04 -6.47611313e+01]\n",
      " [ 3.62977013e-02  9.99307930e-01 -8.13070219e-03 -1.12823730e+02]\n",
      " [-5.73889003e-04  8.15690681e-03  9.99966562e-01 -1.30321228e+02]\n",
